   927.24270479014103     
   150.00000000000000        332645.34485837002        332645.34485837002        10000000000.000000     
   150.35353535353536        328893.29651415854        331993.72019748809        9696083873.0241470     
   150.70707070707073        325253.86750421399        331351.55846595415        9402244036.1683617     
   151.06060606060609        321723.21205933264        330718.71832360188        9118110824.0263748     
   151.41414141414145        318297.63154653966        330095.05949444365        8843329579.5193672     
   151.76767676767679        314973.56821198761        329480.44278580195        8577559986.9317675     
   152.12121212121215        311747.59921377088        328874.73010630754        8320475436.9412565     
   152.47474747474752        308616.43093027122        328277.78448281076        8071762422.0056915     
   152.82828282828288        305576.89353040594        327689.47007625154        7831119960.5582275     
   153.18181818181824        302625.93579286442        327109.65219653113        7598259048.5454350     
   153.53535353535358        299760.62016209267        326538.19731642603        7372902136.9220104     
   153.88888888888894        296978.11802942544        325974.97308458394        7154782633.7900248     
   154.24242424242431        294275.70522836805        325419.84833763872        6943644429.9408607     
   154.59595959595967        291650.75773359905        324872.69311148039        6739241446.6242065     
   154.94949494949503        289100.74755380338        324333.37865171360        6541337204.4309978     
   155.30303030303037        286623.23880895920        323801.77742333763        6349704412.2362480     
   155.65656565656573        284215.88398317725        323277.76311967807        6164124575.2034569     
   156.01010101010110        281876.42034465243        322761.21067060006        5984387620.9049215     
   156.36363636363646        279602.66652471677        322251.99625003105        5810291542.6620216     
   156.71717171717182        277392.51924838981        321749.99728281901        5641642059.2565098     
   157.07070707070716        275243.95020921103        321255.09245095233        5478252290.2082548     
   157.42424242424252        273155.00308150065        320767.16169916460        5319942445.8567982     
   157.77777777777789        271123.79066354624        320286.08623994770        5166539531.5237656     
   158.13131313131325        269148.49214553344        319811.74855799461        5017877065.0706158     
   158.48484848484861        267227.35049635591        319344.03241409292        4873794807.2016678     
   158.83838383838395        265358.66996372689        318882.82284848799        4734138503.8958158     
   159.19191919191931        263540.81368229777        318428.00618373521        4598759640.3820553     
   159.54545454545467        261772.20138474999        317979.47002705827        4467515206.1038847     
   159.89898989899004        260051.30721107591        317537.10327223112        4340267470.1459990     
   160.25252525252540        258376.65761150265        317100.79610099853        4216883766.6235089     
   160.60606060606074        256746.82933873520        316670.43998405128        4097236289.5593119     
   160.95959595959610        255160.44752540792        316245.92768157012        3981201896.7992263     
   161.31313131313146        253616.18384283641        315827.15324335196        3868661922.5372725     
   161.66666666666683        252112.75473735030        315414.01200853172        3759501998.0449772     
   162.02020202020219        250648.91974067054        315006.40060491185        3653611880.2189722     
   162.37373737373753        249223.47985096532        314604.21694791148        3550885287.5804524     
   162.72727272727289        247835.27598138276        314207.36023914680        3451219743.3783331     
   163.08080808080825        246483.18747301132        313815.73096465232        3354516425.4652634     
   163.43434343434362        245166.13066936872        313429.23089275468        3260680022.6320667     
   163.78787878787898        243883.05754965544        313047.76307160733        3169618597.1017017     
   164.14141414141432        242632.95441814416        312671.23182639643        3081243452.8985915     
   164.49494949494968        241414.84064720015        312299.54275622638        2995469009.8231187     
   164.84848484848504        240227.76747154768        311932.60273069370        2912212682.7743306     
   165.20202020202041        239070.81683151008        311570.31988615723        2831394766.1764407     
   165.55555555555577        237943.10026305876        311212.60362171277        2752938323.2766252     
   165.90909090909111        236843.75783260880        310859.36459487985        2676769080.0929003     
   166.26262626262647        235771.95711459528        310510.51471700723        2602815323.8015666     
   166.61616161616183        234726.89220995619        310165.96714840533        2531007805.3638825     
   166.96969696969720        233707.78280373744        309825.63629321102        2461279646.2012539     
   167.32323232323256        232713.87326011460        309489.43779399287        2393566248.7373857     
   167.67676767676789        231744.43175321160        309157.28852610197        2327805210.6345272     
   168.03030303030326        230798.74943216416        308829.10659177543        2263936242.5591774     
   168.38383838383859        229876.13961895328        308504.81131399825        2201901089.3204589     
   168.73737373737393        228975.93703759933        308184.32323012967        2141643454.2317827     
   169.09090909090926        228097.49707337347        307867.56408529979        2083108926.5535140     
   169.44444444444460        227240.19506074276        307554.45682558219        2026244911.8810236     
   169.79797979797993        226403.42559882588        307244.92559094814        1971000565.3489077     
   170.15151515151527        225586.60189319082        306938.89570800820        1917326727.5281971     
   170.50505050505063        224789.15512288085        306636.29368254601        1865175862.8991349     
   170.85858585858597        224010.53383160193        306337.04719185055        1814502000.7875736     
   171.21212121212130        223250.20334205744        306041.08507685165        1765260678.6582336     
   171.56565656565664        222507.64519245928        305748.33733406413        1717408887.6630142     
   171.91919191919197        221782.35659428680        305458.73510734603        1670905020.3472452     
   172.27272727272731        221073.84991041012        305172.21067947603        1625708820.4212346     
   172.62626262626264        220381.65215273088        304888.69746355544        1581781334.5087261     
   172.97979797979801        219705.30449853325        304608.12999423960        1539084865.7879157     
   173.33333333333334        219044.36182477258        304330.44391880429        1497582929.4445348     
   173.68686868686868        218398.39225956294        304055.57598805224        1457240209.8601601     
   174.04040404040401        217766.97675016063        303783.46404706489        1418022519.4624021     
   174.39393939393935        217149.70864676699        303514.04702580429        1379896759.1669390     
   174.74747474747468        216546.19330150861        303247.26492957101        1342830880.3445234     
   175.10101010101002        215956.04768197614        302983.05882932257        1306793848.2490919     
   175.45454545454538        215378.89999873503        302721.37085185794        1271755606.8459783     
   175.80808080808072        214814.38934624320        302462.14416987344        1237687044.9819517     
   176.16161616161605        214262.16535663710        302205.32299189485        1204559963.8414066     
   176.51515151515139        213721.88786587201        301950.85255209135        1172347045.6354976     
   176.86868686868672        213193.22659172129        301698.67909997638        1141021823.4733815     
   177.22222222222206        212675.86082316475        301448.74989000056        1110558652.3669679     
   177.57575757575739        212169.47912071348        301201.01317104226        1080932681.3227251     
   177.92929292929276        211673.77902724038        300955.41817580047        1052119826.4761302     
   178.28282828282809        211188.46678890180        300711.91511009628        1024096745.2263017     
   178.63636363636343        210713.25708575489        300470.45514208678        996840811.33020020     
   178.98989898989876        210247.87277169287        300230.99039139820        970330090.91756570     
   179.34343434343410        209792.04462333320        299993.47391818248        944543319.38943696     
   179.69696969696943        209345.51109751433        299757.85971210297        919459879.16471457     
   180.05050505050477        208908.01809706638        299524.10268125427        895059778.24076438     
   180.40404040404013        208479.31874453774        299292.15864102211        871323629.53552425     
   180.75757575757547        208059.17316357297        299061.98430288746        848232630.97997403     
   181.11111111111080        207647.34826764948        298833.53726318106        825768546.33116543     
   181.46464646464614        207243.61755589338        298606.77599179308        803913686.67728126     
   181.81818181818147        206847.76091570544        298381.65982084314        782650892.60741150     
   182.17171717171681        206459.56443194105        298158.14893331600        761963517.01989210     
   182.52525252525214        206078.82020239776        297936.20435166778        741835408.54416502     
   182.87878787878751        205705.32615937339        297715.78792640811        722250895.55217230     
   183.23232323232284        205338.88589706994        297496.86232466309        703194770.73631346     
   183.58585858585818        204979.30850462444        297279.39101872395        684652276.23195601     
   183.93939393939351        204626.40840456105        297063.33827458671        666609089.26341724     
   184.29292929292885        204280.00519646247        296848.66914048733        649051308.29321289     
   184.64646464646418        203939.92350567144        296635.34943543753        631965439.65521228     
   184.99999999999952        203605.99283683728        296423.34573776601        615338384.65314567     
