   38208.287182059641     
   150.00000000000000        332645.34485837002        332645.34485837002        10000000000.000000     
   150.70707070707073        319126.02855142322        329455.66802341829        9567319465.2573109     
   151.41414141414145        306292.28737920849        326341.82353825710        9158635721.7318840     
   152.12121212121215        294102.05152609810        323301.92203504872        8772361307.2186127     
   152.82828282828288        282516.23399581504        320334.11986525462        8407028850.7147532     
   153.53535353535358        271498.49290756159        317436.61858251621        8061280948.9443645     
   154.24242424242431        261015.01466762193        314607.66435419046        7733860976.5297041     
   154.94949494949503        251034.31602644813        311845.54731184250        7423604736.9133072     
   155.65656565656573        241527.06323469075        309148.60084997554        7129432870.9958601     
   156.36363636363646        232465.90669299781        306515.20088134147        6850343949.2097216     
   157.07070707070716        223825.32965220747        303943.76505632390        6585408180.5264521     
   157.77777777777789        215581.50966501891        301432.75195310812        6333761678.8130951     
   158.48484848484861        207712.19161930805        298980.66024464433        6094601233.1065712     
   159.19191919191931        200196.57129868120        296586.02784776711        5867179533.8565283     
   159.89898989899004        193015.18851915450        294247.43105924898        5650800812.0718498     
   160.60606060606074        186149.82898336637        291963.48368303641        5444816852.6630011     
   161.31313131313146        179583.43407664786        289732.83615243254        5248623347.1614399     
   162.02020202020219        173300.01790365475        287554.17465055751        5061656554.4714518     
   162.72727272727289        167284.59093103590        285426.22023202031        4883390241.4156065     
   163.43434343434362        161523.08966159096        283347.72794838098        4713332877.6136732     
   164.14141414141432        156002.31181929685        281317.48597965739        4551025061.7227259     
   164.84848484848504        150709.85657309822        279334.31477384194        4396037158.2953854     
   165.55555555555577        145634.06937104007        277397.06619612983        4247967126.5120358     
   166.26262626262647        140763.99099568062        275504.62268932530        4106438523.8366489     
   166.96969696969720        136089.31048721215        273655.89644667925        3971098669.2566934     
   167.67676767676789        131600.32161274497        271849.82859822171        3841616952.2153211     
   168.38383838383862        127287.88258912583        270085.38841148093        3717683274.6459794     
   169.09090909090935        123143.37879279615        268361.57250732806        3599006614.6914282     
   169.79797979798005        119158.68821382754        266677.40409155010        3485313701.7445545     
   170.50505050505078        115326.14943265555        265031.93220262940        3376347793.3995891     
   171.21212121212147        111638.53191740089        263424.23097610258        3271867545.7603903     
   171.91919191919220        108089.00845721232        261853.39892577083        3171645969.3267827     
   172.62626262626293        104671.12956298370        260318.55824195142        3075469463.3795052     
   173.33333333333363        101378.79968123499        258818.85410688058        2983136922.4164629     
   174.04040404040435        98206.255080061135        257353.45402731450        2894458908.7648835     
   174.74747474747505        95148.043277967561        255921.54718431205        2809256886.0114822     
   175.45454545454578        92199.003897245027        254522.34380013481        2727362508.3615642     
   176.16161616161651        89354.250833393104        253155.07452215115        2648616961.4628034     
   176.86868686868721        86609.155641076999        251818.98982359466        2572870350.6147933     
   177.57575757575793        83959.332045276329        250513.35942099063        2499981132.6351175     
   178.28282828282863        81400.621493740735        249237.47170803708        2429815587.9702725     
   178.98989898989936        78929.079673662738        247990.63320569901        2362247329.9283233     
   179.69696969697009        76540.963921686416        246772.16802825630        2297156848.1725926     
   180.40404040404079        74232.721462036585        245581.41736502509        2234431083.8544135     
   181.11111111111151        72000.978412734024        244417.73897745938        2173963033.9803619     
   181.81818181818221        69842.529504597522        243280.50671132645        2115651382.8074033     
   182.52525252525294        67754.328462068108        242169.11002364077        2059400158.2399259     
   183.23232323232367        65733.478998858278        241082.95352403272        2005118411.3672788     
   183.93939393939436        63777.226385063899        240021.45653022386        1952719917.4307415     
   184.64646464646509        61882.949545708005        238984.05263727551        1902122896.6460865     
   185.35353535353579        60048.153653740286        237970.18930027550        1853249753.4333274     
   186.06060606060652        58270.463183322296        236979.32743012745        1806026832.7199273     
   186.76767676767724        56547.615391799176        236010.94100210565        1760384192.0886405     
   187.47474747474794        54877.454201128297        235064.51667684107        1716255388.6372225     
   188.18181818181867        53257.924451704865        234139.55343340489        1673577279.5051887     
   188.88888888888937        51687.066503527531        233235.56221415987        1632289835.1034365     
   189.59595959596010        50163.011161484072        232352.06558105189        1592335964.1564510     
   190.30303030303082        48683.974903233408        231488.59738301951        1553661349.7346544     
   191.01010101010152        47248.255389719416        230644.70243420225        1516214295.5166998     
   191.71717171717225        45854.227239790482        229819.93620263456        1479945581.5787077     
   192.42424242424295        44500.338051724706        229013.86450911721        1444808329.0599930     
   193.13131313131368        43185.104655685587        228226.06323596244        1410757873.1031384     
   193.83838383838440        41907.109582260018        227456.11804531683        1377751643.5107367     
   194.54545454545510        40664.997733276374        226703.62410676965        1345749052.6020288     
   195.25252525252583        39457.473242062253        225968.18583396211        1314711389.7903450     
   195.95959595959653        38283.296511193788        225249.41662991850        1284601722.4369810     
   196.66666666666725        37141.281416611717        224546.93864082609        1255384802.5691333     
   197.37373737373798        36030.292667742906        223860.38251799755        1227026979.0790482     
   198.08080808080868        34949.243313971492        223189.38718775564        1199496115.0487692     
   198.78787878787941        33897.092388458230        222533.59962898624        1172761509.8700237     
   199.49494949495011        32872.842680912356        221892.67465811179        1146793825.8520064     
   200.20202020202083        31875.538631482541        221266.27472124420        1121565019.0313036     
   200.90909090909156        30904.264338454312        220654.06969328134        1097048273.9180281     
   201.61616161616226        29958.141672925220        220055.73668371848        1073217941.9306098     
   202.32323232323299        29036.328494077963        219470.95984895091        1050049483.2886721     
   203.03030303030368        28138.016959088483        218899.43021085125        1027519412.1491567     
   203.73737373737441        27262.431922094307        218340.84548140925        1005605244.7854289     
   204.44444444444514        26408.829417006869        217794.90989322917        984285450.62260556     
   205.15151515151584        25576.495219289209        217261.33403568403        963539405.95486164     
   205.85858585858657        24764.743482128757        216739.83469653322        943347350.18209231     
   206.56565656565726        23972.915442729231        216230.13470881325        923690344.41407633     
   207.27272727272799        23200.378194710567        215731.96280281918        904550232.30029845     
   207.97979797979872        22446.523522863172        215245.05346299734        885909602.95287788     
   208.68686868686942        21710.766796732114        214769.14678957628        867751755.83868170     
   209.39393939394014        20992.545919729102        214303.98836476789        850060667.52473545     
   210.10101010101084        20291.320330672788        213849.32912337442        832820960.16849685     
   210.80808080808157        19606.570054847300        213404.92522764357        816017871.65151286     
   211.51515151515230        18937.794801847547        212970.53794621676        799637227.26143336     
   212.22222222222300        18284.513107646442        212545.93353702174        783665412.83338106     
   212.92929292929372        17646.261518471900        212130.88313396394        768089349.26727462     
   213.63636363636442        17022.593814228112        211725.16263727631        752896468.34293091     
   214.34343434343515        16413.080269329927        211328.55260739080        738074689.75963759     
   215.05050505050588        15817.306948946185        210940.83816219942        723612399.33142865     
   215.75757575757657        15234.875038765747        210561.80887757661        709498428.27353394     
   216.46464646464730        14665.400206511813        210191.25869103824        695722033.51942194     
   217.17171717171800        14108.511993532136        209828.98580841758        682272879.01155305     
   217.87878787878873        13563.853234891281        209474.79261344083        669141017.91240084     
   218.58585858585946        13031.079506481927        209128.48558008947        656316875.68552446     
   219.29292929293015        12509.858597756183        208789.87518764037        643791233.99948609     
   220.00000000000088        11999.870008760201        208458.77583827748        631555215.41021752     
