   81983.518327251921     
   150.00000000000000        332645.34485837002        332645.34485837002        10000000000.000000     
   150.70707070707073        318927.09341890144        328681.81862204161        9585685016.2626247     
   151.41414141414145        305896.42366367701        324806.60959799611        9193868197.2711124     
   152.12121212121215        293511.73047123366        321017.46405900770        8823083400.0072689     
   152.82828282828288        281734.32364489581        317312.18602174387        8471974283.2290354     
   153.53535353535358        270528.19770113972        313688.63641448878        8139285111.6577301     
   154.24242424242431        259859.82174662186        310144.73217323178        7823852404.9758883     
   154.94949494949503        249697.94753660270        306678.44527774269        7524597347.7226439     
   155.65656565656573        240013.43400210669        303287.80173803918        7240518885.0823517     
   156.36363636363646        230779.08670665720        299970.88054055301        6970687437.4697132     
   157.07070707070716        221969.51084820164        296725.81256229815        6714239173.8387804     
   157.77777777777789        213560.97656004439        293550.77946043480        6470370789.8879700     
   158.48484848484861        205531.29538810599        290444.01254380046        6238334742.8893280     
   159.19191919191931        197859.70693227029        287403.79163223202        6017434899.8177147     
   159.89898989899004        190526.77473843721        284428.44390882854        5807022559.8645630     
   160.60606060606074        183514.29061644629        281516.34276969248        5606492816.3530254     
   161.31313131313146        176805.18663841754        278665.90667513903        5415281226.5812349     
   162.02020202020219        170383.45414327036        275875.59800586267        5232860761.2555666     
   162.72727272727289        164234.06913712865        273143.92192710645        5058739007.9788151     
   163.43434343434362        158342.92353677360        270469.42526347167        4892455605.7657795     
   164.14141414141432        152696.76175497600        267850.69538664859        4733579889.8042850     
   164.84848484848504        147283.12217304076        265286.35911801952        4581708727.6916389     
   165.55555555555577        142090.28308777249        262775.08164779586        4436464530.1808863     
   166.26262626262647        137107.21275781837        260315.56547208971        4297493421.0906210     
   166.96969696969720        132323.52320839130        257906.54934908575        4164463552.4864497     
   167.67676767676789        127729.42748410742        255546.80727527264        4037063552.5495114     
   168.38383838383862        123315.70006743463        253235.14748250545        3915001094.7232828     
   169.09090909090935        119073.64020534253        250970.41145650652        3798001577.7883992     
   169.79797979798005        114995.03790944886        248751.47297726487        3685806907.4687190     
   170.50505050505078        111072.14241550883        246577.23718166488        3578174371.0314698     
   171.21212121212147        107297.63290671157        244446.63964855875        3474875597.1197348     
   171.91919191919220        103664.59132213061        242358.64550639770        3375695593.7556987     
   172.62626262626293        100166.47708698382        240312.24856344616        3280431858.0855112     
   173.33333333333363        96797.103615264728        238306.47046052659        3188893552.0085025     
   174.04040404040435        93550.616447932407        236340.35984617370        3100900738.3508115     
   174.74747474747505        90421.472901329747        234412.99157401788        3016283672.7118716     
   175.45454545454578        87404.423110942356        232523.46592216709        2934882146.5365543     
   176.16161616161651        84494.492365119411        230670.90783431198        2856544877.3504786     
   176.86868686868721        81686.964632033589        228854.46618224174        2781128942.4449906     
   177.57575757575793        78977.367191054087        227073.31304942703        2708499252.6151843     
   178.28282828282863        76361.456286902569        225326.64303529859        2638528062.8421388     
   178.98989898989936        73835.203731533766        223613.67257983005        2571094517.0722070     
   179.69696969697009        71394.784384681378        221933.63930801375        2506084224.4841685     
   180.40404040404079        69036.564449493162        220285.80139380530        2443388864.8516908     
   181.11111111111151        66757.090524692394        218669.43694310170        2382905820.8058410     
   181.81818181818221        64553.079359288284        217083.84339530903        2324537834.9821973     
   182.52525252525294        62421.408260058939        215528.33694305067        2268192690.2010770     
   183.23232323232367        60359.106105874620        214002.25196956407        2213782910.9790530     
   183.93939393939436        58363.344926456404        212504.94050333148        2161225484.8065109     
   184.64646464646509        56431.432006396855        211035.77168949190        2110441601.7508576     
   185.35353535353579        54560.802478237616        209594.13127758197        2061356411.0590677     
   186.06060606060652        52749.012371122000        208179.42112515811        2013898793.5376537     
   186.76767676767724        50993.732084043564        206791.05871685522        1968001148.5836565     
   187.47474747474794        49292.740255012715        205428.47669844294        1923599194.8277547     
   188.18181818181867        47643.917999577126        204091.12242544728        1880631783.4307430     
   188.88888888888937        46045.243494081151        202778.45752591096        1839040723.1481445     
   189.59595959596010        44494.786880840831        201489.95747687426        1798770616.3451378     
   190.30303030303082        42990.705474061731        200225.11119416548        1759768705.2058709     
   191.01010101010152        41531.239246850302        198983.42063509833        1721984727.4380808     
   191.71717171717225        40114.706581072191        197764.40041368303        1685370780.8261611     
   192.42424242424295        38739.500263106420        196567.57742796524        1649881196.0338387     
   193.13131313131368        37404.083709739985        195392.49049911756        1615472417.1018023     
   193.83838383838440        36106.987409551424        194238.69002191661        1582102889.1262767     
   194.54545454545510        34846.805566152456        193105.73762624789        1549732952.6419768     
   195.25252525252583        33622.192930600773        191993.20584929059        1518324744.2673721     
   195.95959595959653        32431.861811168721        190900.67781804319        1487842103.2019935     
   196.66666666666725        31274.579249461767        189827.74694186018        1458250483.1948376     
   197.37373737373798        30149.164352626500        188774.01661467995        1429516869.6299949     
   198.08080808080868        29054.485772083059        187739.09992663161        1401609701.4006026     
   198.78787878787941        27989.459319856858        186722.61938471958        1374498797.2653165     
   199.49494949495011        26953.045714180691        185724.20664229189        1348155286.4028096     
   200.20202020202083        25944.248446590900        184743.50223700784        1322551542.8995416     
   200.90909090909156        24962.111763253153        183780.15533702919        1297661123.9242692     
   201.61616161616226        24005.718753729449        182833.82349516728        1273458711.3596630     
   202.32323232323299        23074.189540840460        181904.17241072675        1249920056.6770215     
   203.03030303030368        22166.679565687627        180990.87569879551        1227021928.8545587     
   203.73737373737441        21282.377962281764        180093.61466673651        1204742065.1531518     
   204.44444444444514        20420.506016579751        179212.07809764738        1183059124.5758960     
   205.15151515151584        19580.315705062294        178345.96204055916        1161952643.8493404     
   205.85858585858657        18761.088308292692        177494.96960715376        1141402995.7749960     
   206.56565656565726        17962.133095184017        176658.81077478730        1121391349.8096623     
   207.27272727272799        17182.786073968007        175837.20219561242        1101899634.7423382     
   207.97979797979872        16422.408806109506        175029.86701160041        1082910503.3440850     
   208.68686868686942        15680.387279641069        174236.53467526991        1064407298.8751817     
   209.39393939394014        14956.130838609730        173456.94077593577        1046374023.3413364     
   210.10101010101084        14249.071165529467        172690.82687129770        1028795307.3976240     
   210.80808080808157        13558.661313922361        171937.94032419412        1011656381.8052515     
   211.51515151515230        12884.374788206700        171198.03414435315        994943050.35223591     
   212.22222222222300        12225.704668355784        170470.86683497729        978641664.15465856     
   212.92929292929372        11582.162776904748        169756.20224400482        962739097.26035476     
   213.63636363636442        10953.278886026459        169053.80941989570        947222723.48175097     
   214.34343434343515        10338.599962532560        168363.46247179521        932080394.38907135     
   215.05050505050588        9737.6894487814898        167684.94043393276        917300418.39936161     
   215.75757575757657        9150.1265775933189        167018.02713411950        902871540.90071440     
   216.46464646464730        8575.5057193813118        166362.51106621171        888782925.35475075     
   217.17171717171800        8013.4357598144425        165718.18526641169        875024135.32385385     
   217.87878787878873        7463.5395064211298        165084.84719328341        861585117.37285864     
   218.58585858585946        6925.4531226356185        164462.29861136229        848456184.79790008     
   219.29292929293015        6398.8255878739337        163850.34547824453        835628002.13792837     
   220.00000000000088        5883.3181823064560        163248.79783504378        823091570.42703021     
