   69850.818862818487     
   150.00000000000000        332645.34485837002        332645.34485837002        10000000000.000000     
   150.70707070707073        319010.02171327162        328866.45426188002        9582525613.4974537     
   151.41414141414145        306058.59950358368        325172.84925230092        9187821682.8453369     
   152.12121212121215        293749.59254984953        321562.36592562951        8814399584.7381592     
   152.82828282828288        282044.42835471529        318032.89525451016        8460882419.4806576     
   153.53535353535358        270907.21711122355        314582.38233302557        8125995641.1340380     
   154.24242424242431        260304.54135094938        311208.82554978976        7808558549.1789618     
   154.94949494949503        250205.26381820327        307910.27570065239        7507476556.0909014     
   155.65656565656573        240580.35185188951        304684.83505115780        7221734154.3117523     
   156.36363636363646        231402.71673076443        301530.65635783819        6950388514.1685839     
   157.07070707070716        222647.06659321435        298445.94185645529        6692563651.4567375     
   157.77777777777789        214289.77168139847        295428.94222442515        6447445109.7756052     
   158.48484848484861        206308.74078357036        292477.95552386704        6214275108.3743877     
   159.19191919191931        198683.30785925264        289591.32613099262        5992348111.3129625     
   159.89898989899004        191394.12793116359        286767.44365690002        5781006778.2416611     
   160.60606060606074        184423.08141667038        284004.74186424376        5579638261.1159315     
   161.31313131313146        177753.18615121371        281301.69758372026        5387670814.7431717     
   162.02020202020219        171368.51642762261        278656.82963382069        5204570692.2580051     
   162.72727272727289        165254.12843941111        276068.69774687453        5029839299.4823875     
   163.43434343434362        159395.99157380580        273535.90150400804        4863010584.6854916     
   164.14141414141432        153780.92505210260        271057.07928129483        4703648642.5495472     
   164.84848484848504        148396.53946160723        268630.90720905416        4551345513.2006512     
   165.55555555555577        143231.18276543188        266256.09814597084        4405719159.0045881     
   166.26262626262647        138273.89041429170        263931.40066945384        4266411603.4799075     
   166.96969696969720        133514.33921859873        261655.59808342214        4133087218.1643262     
   167.67676767676789        128942.80466997887        259427.50744450287        4005431144.6042233     
   168.38383838383862        124550.12142918418        257245.97860744409        3883147839.8366280     
   169.09090909090935        120327.64672254247        255109.89329038115        3765959734.8128510     
   169.79797979798005        116267.22641185467        253018.16416045281        3653605996.1856527     
   170.50505050505078        112361.16352325979        250969.73394013377        3545841382.7586393     
   171.21212121212147        108602.18903925677        248963.57453453686        3442435188.6875710     
   171.91919191919220        104983.43477499834        246998.68617983919        3343170266.2373857     
   172.62626262626293        101498.40817531993        245074.09661289543        3247842121.5437484     
   173.33333333333363        98140.968882906454        243188.86026202759        3156258077.4112406     
   174.04040404040435        94905.306940656665        241342.05745890964        3068236497.7077894     
   174.74747474747505        91785.922502809757        239532.79367140742        2983606068.3926320     
   175.45454545454578        88777.606939868900        237760.19875718409        2902205130.6477876     
   176.16161616161651        85875.425231878166        236023.42623783479        2823881061.9752479     
   176.86868686868721        83074.699553289480        234321.65259327876        2748489701.4779553     
   177.57575757575793        80370.993960560983        232654.07657610317        2675894815.8656340     
   178.28282828282863        77760.100100841883        231019.91854552648        2605967603.0199504     
   178.98989898989936        75238.023866677540        229418.41982062647        2538586230.2201791     
   179.69696969697009        72800.972927679555        227848.84205245940        2473635404.3731380     
   180.40404040404079        70445.345075594247        226310.46661468147        2411005971.8119016     
   181.11111111111151        68167.717324223995        224802.59401227260        2350594545.4289026     
   181.81818181818221        65964.835710247848        223324.54330795250        2292303157.0922303     
   182.52525252525294        63833.605745190427        221875.65156587365        2236038933.4610295     
   183.23232323232367        61771.083472639126        220455.27331217090        2181713793.4683528     
   183.93939393939436        59774.467088338140        219062.78001194497        2129244165.8789856     
   184.64646464646509        57841.089084022133        217697.55956225691        2078550725.4569318     
   185.35353535353579        55968.408878823400        216359.01580071152        2029558146.3934669     
   186.06060606060652        54154.005904809157        215046.56802920968        1982194871.7529662     
   186.76767676767724        52395.573115711573        213759.65055245257        1936392897.7910113     
   187.47474747474794        50690.910890212996        212497.71223078639        1892087572.0883610     
   188.18181818181867        49037.921303264804        211260.21604697953        1849217404.5259986     
   188.88888888888937        47434.602740866001        210046.63868653204        1807723890.2013068     
   189.59595959596010        45879.044835519322        208856.47013112163        1767551343.4540470     
   190.30303030303082        44369.423701234635        207689.21326479979        1728646742.2338378     
   191.01010101010152        42903.997448469963        206544.38349255675        1690959582.0986664     
   191.71717171717225        41481.101960804248        205421.50837088391        1654441739.1871326     
   192.42424242424295        40099.146916430553        204320.12724996830        1619047341.5559764     
   193.13131313131368        38756.612038751729        203239.79092716426        1584732648.3194108     
   193.83838383838440        37452.043561466693        202180.06131139389        1551455936.0681274     
   194.54545454545510        36184.050894551779        201140.51109813727        1519177392.0839345     
   195.25252525252583        34951.303478486770        200120.72345468253        1487859013.9010887     
   195.95959595959653        33752.527814945548        199120.29171531327        1457464514.7977071     
   196.66666666666725        32586.504662978445        198138.81908612041        1427959234.8304865     
   197.37373737373798        31452.066390459848        197175.91835913391        1399310057.0534737     
   198.08080808080868        30348.094471266741        196231.21163547810        1371485328.5870323     
   198.78787878787941        29273.517119294989        195304.33005726282        1344454786.2266226     
   199.49494949495011        28227.307051013180        194394.91354793121        1318189486.3026881     
   200.20202020202083        27208.479368807188        193502.61056079314        1292661738.5229917     
   200.90909090909156        26216.089557878073        192627.07783548065        1267845043.5472775     
   201.61616161616226        25249.231589932773        191767.98016207104        1243714034.0613055     
   202.32323232323299        24307.036127345993        190924.99015262965        1220244419.1331732     
   203.03030303030368        23388.668821883755        190097.78801993304        1197412931.6495662     
   203.73737373737441        22493.328702458566        189286.06136314009        1175197278.6432049     
   204.44444444444514        21620.246646741012        188489.50496018634        1153576094.3354003     
   205.15151515151584        20768.683931782809        187707.82056668337        1132528895.7293499     
   205.85858585858657        19937.930859112694        186940.71672111275        1112036040.6006923     
   206.56565656565726        19127.305450052132        186187.90855610996        1092078687.7419293     
   207.27272727272799        18336.152207265150        185449.11761564133        1072638759.3267130     
   207.97979797979872        17563.840938803773        184724.07167788225        1053698905.2687068     
   208.68686868686942        16809.765641142119        184012.50458361203        1035242469.4578286     
   209.39393939394014        16073.343437908685        183314.15606994648        1017253457.7642266     
   210.10101010101084        15354.013571226722        182628.77160923523        999716507.70733833     
   210.80808080808157        14651.236442762063        181956.10225295631        982616859.69391608     
   211.51515151515230        13964.492701751562        181295.90448044622        965940329.73496783     
   212.22222222222300        13293.282377450849        180647.94005230931        949673283.55723083     
   212.92929292929372        12637.124053592823        180011.97586835446        933802612.03005826     
   213.63636363636442        11995.554082591449        179387.78382991388        918315707.83352506     
   214.34343434343515        11368.125837360019        178775.14070640146        903200443.29813445     
   215.05050505050588        10754.408998737828        178173.82800597488        888445149.35079050     
   215.75757575757657        10153.988876637470        177583.63185016872        874038595.50569260     
   216.46464646464730        9566.4657631340215        177004.34285237134        859969970.84253359     
   217.17171717171800        8991.4543158212764        176435.75600002139        846228865.91786826     
   217.87878787878873        8428.5829698555244        175877.67054040538        832805255.55877113     
   218.58585858585946        7877.4933771993019        175329.88986993989        819689482.49094176     
   219.29292929293015        7337.8398716608508        174792.22142682804        806872241.75626612     
   220.00000000000088        6809.2889584059249        174264.47658698121        794344565.87749422     
