   129.00214700663366     
   150.00000000000000        332645.34485837002        332645.34485837002        10000000000.000000     
   150.14141414141415        332161.73352457420        332459.59190696292        9851734133.0871906     
   150.28282828282832        331683.63280971069        332274.71575672558        9705749998.3893452     
   150.42424242424246        331210.96222518588        332090.70986009733        9562010669.2851200     
   150.56565656565661        330743.64255402435        331907.56769343384        9420479854.6663704     
   150.70707070707076        330281.59582872258        331725.28275726805        9281121887.2476406     
   150.84848484848490        329824.74530952505        331543.84857656545        9143901712.1048775     
   150.98989898989905        329373.01546311460        331363.25870097353        9008784875.4386539     
   151.13131313131319        328926.33194170910        331183.50670506601        8875737513.5572319     
   151.27272727272734        328484.62156255380        331004.58618858166        8744726342.0749302     
   151.41414141414148        328047.81228780467        330826.49077665753        8615718645.3213196     
   151.55555555555563        327615.83320479217        330649.21412005700        8488682265.9569263     
   151.69696969696977        327188.61450665927        330472.74989539251        8363585594.7911530     
   151.83838383838392        326766.08747336484        330297.09180534293        8240397560.7982664     
   151.97979797979806        326348.18445304618        330122.23357886588        8119087621.3273630     
   152.12121212121221        325934.83884373313        329948.16897140484        7999625752.5023413     
   152.26262626262636        325525.98507540609        329774.89176509116        7881982439.8079462     
   152.40404040404050        325121.55859239167        329602.39576894091        7766128668.8580961     
   152.54545454545465        324721.49583608867        329430.67481904698        7652035916.3427334     
   152.68686868686879        324325.73422801844        329259.72277876578        7539676141.1495571     
   152.82828282828294        323934.21215319162        329089.53353889944        7429021775.6570444     
   152.96969696969711        323546.86894378735        328920.10101787309        7320045717.1952763     
   153.11111111111126        323163.64486313588        328751.41916190676        7212721319.6711197     
   153.25252525252540        322784.48109000066        328583.48194518324        7107022385.3544312     
   153.39393939393955        322409.31970315269        328416.28337001079        7002923156.8219986     
   153.53535353535369        322038.10366623191        328249.81746698095        6900398309.0559950     
   153.67676767676784        321670.77681288961        328084.07829512237        6799422941.6938200     
   153.81818181818198        321307.28383220575        327919.05994204909        6699972571.4262438     
   153.95959595959613        320947.57025437715        327754.75652410521        6602023124.5408506     
   154.10101010101027        320591.58243666933        327591.16218650405        6505550929.6078205     
   154.24242424242442        320239.26754962845        327428.27110346383        6410532710.3051939     
   154.38383838383857        319890.57356354676        327266.07747833786        6316945578.3807678     
   154.52525252525271        319545.44923517725        327104.57554374123        6224767026.7478895     
   154.66666666666686        319203.84409469232        326943.75956167252        6133974922.7124176     
   154.80808080808100        318865.70843288256        326783.62382363155        6044547501.3282328     
   154.94949494949515        318530.99328858871        326624.16265073256        5956463358.8786840     
   155.09090909090929        318199.65043636452        326465.37039381330        5869701446.4814606     
   155.23232323232344        317871.63237436453        326307.24143353989        5784241063.8143826     
   155.37373737373758        317546.89231245295        326149.77018050756        5700061852.9597034     
   155.51515151515173        317225.38416052866        325992.95107533707        5617143792.3645382     
   155.65656565656587        316907.06251706282        325836.77858876728        5535467190.9150877     
   155.79797979798005        316591.88265784457        325681.24722174357        5455012682.1223907     
   155.93939393939419        316279.80052493024        325526.35150550230        5375761218.4173613     
   156.08080808080834        315970.77271579357        325372.08600165107        5297694065.5529442     
   156.22222222222248        315664.75647267071        325218.44530224544        5220792797.1112375     
   156.36363636363663        315361.70967209764        325065.42402986140        5145039289.1134939     
   156.50505050505078        315061.59081463696        324913.01683766424        5070415714.7309608     
   156.64646464646492        314764.35901478858        324761.21840947343        4996904539.0945444     
   156.78787878787907        314469.97399108170        324610.02345982386        4924488514.2013378     
   156.92929292929321        314178.39605634433        324459.42673402320        4853150673.9160891     
   157.07070707070736        313889.58610814740        324309.42300820578        4782874329.0657377     
   157.21212121212150        313603.50561941840        324160.00708938244        4713643062.6251564     
   157.35353535353565        313320.11662922351        324011.17381548730        4645440724.9923201     
   157.49494949494979        313039.38173371385        323862.91805542033        4578251429.3511086     
   157.63636363636394        312761.26407723222        323715.23470908689        4512059547.1200380     
   157.77777777777808        312485.72734357766        323568.11870743334        4446849703.4852095     
   157.91919191919223        312212.73574742506        323421.56501247949        4382606773.0158215     
   158.06060606060637        311942.25402589655        323275.56861734769        4319315875.3606339     
   158.20202020202052        311674.24743028096        323130.12454628787        4256962371.0237670     
   158.34343434343467        311408.68171790085        322985.22785470018        4195531857.2183070     
   158.48484848484881        311145.52314412087        322840.87362915336        4135010163.7961740     
   158.62626262626299        310884.73845449777        322697.05698740057        4075383349.2527642     
   158.76767676767713        310626.29487706732        322553.77307839156        4016637696.8049083     
   158.90909090909128        310370.16011476686        322411.01708228170        3958759710.5407043     
   159.05050505050542        310116.30233798991        322268.78421043785        3901736111.6398301     
   159.19191919191957        309864.69017727085        322127.06970544119        3845553834.6629577     
   159.33333333333371        309615.29271609645        321985.86884108663        3790200023.9089227     
   159.47474747474786        309368.07948384341        321845.17692237959        3735662029.8383369     
   159.61616161616200        309123.02044883755        321704.98928552942        3681927405.5623441     
   159.75757575757615        308880.08601153380        321565.30129793985        3628983903.3952589     
   159.89898989899029        308639.24699781387        321426.10835819656        3576819471.4698553     
   160.04040404040444        308400.47465239937        321287.40589605202        3525422250.4140840     
   160.18181818181858        308163.74063237914        321149.18937240675        3474780570.0880280     
   160.32323232323273        307929.01700084697        321011.45427928865        3424882946.3799462     
   160.46464646464688        307696.27622064948        320874.19613982894        3375718078.0602527     
   160.60606060606102        307465.49114824052        320737.41050823510        3327274843.6923122     
   160.74747474747517        307236.63502764096        320601.09296976181        3279542298.5989742     
   160.88888888888931        307009.68148450129        320465.23914067849        3232509671.8837514     
   161.03030303030346        306784.60452026606        320329.84466823441        3186166363.5056138     
   161.17171717171760        306561.37850643700        320194.90523062117        3140501941.4063525     
   161.31313131313178        306339.97817893361        320060.41653693269        3095506138.6895170     
   161.45454545454592        306120.37863254972        319926.37432712218        3051168850.8499317     
   161.59595959596007        305902.55531550344        319792.77437195712        3007480133.0528278     
   161.73737373737421        305686.48402407917        319659.61247297144        2964430197.4616427     
   161.87878787878836        305472.14089735999        319526.88446241501        2922009410.6135530     
   162.02020202020250        305259.50241204898        319394.58620320121        2880208290.8418412     
   162.16161616161665        305048.54537737666        319262.71358885168        2839017505.7441921     
   162.30303030303079        304839.24693009461        319131.26254343893        2798427869.6960583     
   162.44444444444494        304631.58452955226        319000.22902152635        2758430341.4082294     
   162.58585858585909        304425.53595285636        318869.60900810623        2719016021.5277677     
   162.72727272727323        304221.07929011033        318739.39851853519        2680176150.2814927     
   162.86868686868738        304018.19293973362        318609.59359846771        2641902105.1612058     
   163.01010101010152        303816.85560385813        318480.19032378722        2604185398.6498666     
   163.15151515151567        303617.04628380138        318351.18480053492        2567017675.9879460     
   163.29292929292981        303418.74427561404        318222.57316483691        2530390712.9792023     
   163.43434343434396        303221.92916570103        318094.35158282868        2494296413.8351312     
   163.57575757575810        303026.58082651498        317966.51625057781        2458726809.0573688     
   163.71717171717225        302832.67941232055        317839.06339400471        2423674053.3573308     
   163.85858585858639        302640.20535502752        317711.98926880112        2389130423.6123834     
   164.00000000000054        302449.13936009275        317585.29016034672        2355088316.8578749     
