   227.46233868025161     
   150.00000000000000        332645.34485837002        332645.34485837002        10000000000.000000     
   150.14141414141415        331956.75527016702        332442.15966654522        9860434378.4544144     
   150.28282828282832        331276.41238831793        332240.03969334153        9722916129.1523991     
   150.42424242424246        330604.19820951606        332038.97751782759        9587413196.2612209     
   150.56565656565661        329939.99657922325        331838.96574318258        9453894065.1768112     
   150.70707070707076        329283.69315957598        331639.99699696538        9322327752.6582031     
   150.84848484848490        328635.17539790162        331442.06393137795        9192683797.1547699     
   150.98989898989905        327994.33249583060        331245.15922352340        9064932249.3222332     
   151.13131313131319        327361.05537899554        331049.27557565895        8939043662.7235661     
   151.27272727272734        326735.23666730046        330854.40571544354        8814989084.7109356     
   151.41414141414148        326116.77064575336        330660.54239618056        8692740047.4849720     
   151.55555555555563        325505.55323584867        330467.67839705508        8572268559.3276834     
   151.69696969696977        324901.48196748848        330275.80652336619        8453547096.0054369     
   151.83838383838392        324304.45595143165        330084.91960675467        8336548592.3385191     
   151.97979797979806        323714.37585226103        329895.01050542505        8221246433.9338274     
   152.12121212121221        323131.14386185742        329706.07210436341        8107614449.0773554     
   152.26262626262636        322554.66367337003        329518.09731555003        7995626900.7831745     
   152.40404040404050        321984.84045567503        329331.07907816733        7885258478.9957314     
   152.54545454545465        321421.58082831110        329145.01035880292        7776484292.9422808     
   152.68686868686879        320864.79283688148        328959.88415164815        7669279863.6324148     
   152.82828282828294        320314.38592891570        328775.69347869192        7563621116.5016613     
   152.96969696969711        319770.27093017974        328592.43138990982        7459484374.1962233     
   153.11111111111126        319232.36002142681        328410.09096344898        7356846349.4959717     
   153.25252525252540        318700.56671557919        328228.66530580784        7255684138.3728676     
   153.39393939393955        318174.80583533336        328048.14755201229        7155975213.1820869     
   153.53535353535369        317654.99349117908        327868.53086578642        7057697415.9831066     
   153.67676767676784        317141.04705982510        327689.80843971984        6960828951.9881544     
   153.81818181818198        316632.88516302238        327511.97349542991        6865348383.1354055     
   153.95959595959613        316130.42764677876        327335.01928372023        6771234621.7844305     
   154.10101010101027        315633.59556095471        327158.93908473442        6678466924.5313807     
   154.24242424242442        315142.31113923533        326983.72620810592        6587024886.1415300     
   154.38383838383857        314656.49777946883        326809.37399310374        6496888433.5967779     
   154.52525252525271        314176.08002436609        326635.87580877397        6408037820.2558012     
   154.66666666666686        313700.98354255315        326463.22505407705        6320453620.1245890     
   154.80808080808100        313231.13510996994        326291.41515802121        6234116722.2351294     
   154.94949494949515        312766.46259160811        326120.43957979180        6149008325.1300821     
   155.09090909090929        312306.89492358192        325950.29180887679        6065109931.4513121     
   155.23232323232344        311852.36209552555        325780.96536518808        5982403342.6301785     
   155.37373737373758        311402.79513331002        325612.45379917935        5900870653.6775751     
   155.51515151515173        310958.12608207361        325444.75069195934        5820494248.0716887     
   155.65656565656587        310518.28798955999        325277.84965540230        5741256792.7415524     
   155.79797979798005        310083.21488975734        325111.74433225364        5663141233.1444559     
   155.93939393939419        309652.84178683301        324946.42839623278        5586130788.4353666     
   156.08080808080834        309227.10463935789        324781.89555213152        5510208946.7264948     
   156.22222222222248        308805.94034481607        324618.13953590929        5435359460.4352493     
   156.36363636363663        308389.28672439134        324455.15411478432        5361566341.7187824     
   156.50505050505078        307977.08250802819        324292.93308732164        5288813857.9934454     
   156.64646464646492        307569.26731975965        324131.47028351744        5217086527.5374422     
   156.78787878787907        307165.78166329884        323970.75956487941        5146369115.1750441     
   156.92929292929321        306766.56690788729        323810.79482450441        5076646628.0407495     
   157.07070707070736        306371.56527439598        323651.56998715183        5007904311.4218073     
   157.21212121212150        305980.71982167475        323493.07900931436        4940127644.6775665     
   157.35353535353565        305593.97443314362        323335.31587928458        4873302337.2341099     
   157.49494949494979        305211.27380362304        323178.27461721888        4807414324.6527262     
   157.63636363636394        304832.56342639786        323021.94927519752        4742449764.7707348     
   157.77777777777808        304457.78958050959        322866.33393728174        4678395033.9132605     
   157.91919191919223        304086.89931827498        322711.42271956755        4615236723.1745596     
   158.06060606060637        303719.84045302292        322557.20977023605        4552961634.7675266     
   158.20202020202052        303356.56154704985        322403.68926960090        4491556778.4400606     
   158.34343434343467        302997.01189978508        322250.85543015250        4431009367.9569654     
   158.48484848484881        302641.14153616561        322098.70249659888        4371306817.6461229     
   158.62626262626299        302288.90119521471        321947.22474590375        4312436739.0076637     
   158.76767676767713        301940.24231881974        321796.41648732132        4254386937.3849244     
   158.90909090909128        301595.11704070703        321646.27206242818        4197145408.6959777     
   159.05050505050542        301253.47817560943        321496.78584515193        4140700336.2245588     
   159.19191919191957        300915.27920862247        321347.95224179729        4085040087.4692383     
   159.33333333333371        300580.47428474616        321199.76569106878        4030153211.0497050     
   159.47474747474786        300249.01819860778        321052.22066409077        3976028433.6690569     
   159.61616161616200        299920.86638436368        320905.31166442455        3922654657.1310115     
   159.75757575757615        299595.97490577621        320759.03322808258        3870020955.4109774     
   159.89898989899029        299274.30044646154        320613.37992353999        3818116571.7799397     
   160.04040404040444        298955.80030030670        320468.34635174309        3766930915.9801512     
   160.18181818181858        298640.43236205116        320323.92714611517        3716453561.4516172     
   160.32323232323273        298328.15511803119        320180.11697255966        3666674242.6084089     
   160.46464646464688        298018.92763708282        320036.91052946058        3617582852.1638384     
   160.60606060606102        297712.70956160058        319894.30254768021        3569169438.5035610     
   160.74747474747517        297409.46109875035        319752.28779055405        3521424203.1056828     
   160.88888888888931        297109.14301183121        319610.86105388339        3474337498.0069752     
   161.03030303030346        296811.71661178581        319470.01716592506        3427899823.3143134     
   161.17171717171760        296517.14374885516        319329.75098737876        3382101824.7604728     
   161.31313131313178        296225.38680437481        319190.05741137179        3336934291.3034387     
   161.45454545454592        295936.40868271096        319050.93136344117        3292388152.7683935     
   161.59595959596007        295650.17280333303        318912.36780151341        3248454477.5315790     
   161.73737373737421        295366.64309302048        318774.36171588185        3205124470.2452254     
   161.87878787878836        295085.78397820127        318636.90812918142        3162389469.6027751     
   162.02020202020250        294807.56037741969        318500.00209636113        3120240946.1436319     
   162.16161616161665        294531.93769393058        318363.63870465412        3078670500.0966878     
   162.30303030303079        294258.88180841849        318227.81307354540        3037669859.2618904     
   162.44444444444494        293988.35907183908        318092.52035473718        2997230876.9291363     
   162.58585858585909        293720.33629837964        317957.75573211204        2957345529.8337812     
   162.72727272727323        293454.78075853834        317823.51442169369        2918005916.1480761     
   162.86868686868738        293191.66017231822        317689.79167160572        2879204253.5078540     
   163.01010101010152        292930.94270253519        317556.58276202780        2840932877.0738020     
   163.15151515151567        292672.59694823669        317423.88300514995        2803184237.6266689     
   163.29292929292981        292416.59193822957        317291.68774512474        2765950899.6957726     
   163.43434343434396        292162.89712471643        317159.99235801684        2729225539.7201781     
   163.57575757575810        291911.48237703566        317028.79225175112        2693000944.2419391     
   163.71717171717225        291662.31797550566        316898.08286605822        2657270008.1307983     
   163.85858585858639        291415.37460537074        316767.85967241827        2622025732.8397651     
   164.00000000000054        291170.62335084588        316638.11817400251        2587261224.6909838     
