   423.45567124119276     
   150.00000000000000        332645.34485837002        332645.34485837002        10000000000.000000     
   150.14141414141415        331613.58630488312        332416.79776114062        9869644029.6451511     
   150.28282828282832        330594.38154035673        332189.53848529729        9741105585.9163113     
   150.42424242424246        329587.55473561824        331963.55874864903        9614357115.3070889     
   150.56565656565661        328592.93279444420        331738.85029361816        9489371521.5327415     
   150.70707070707076        327610.34530633478        331515.40488749347        9366122157.2654781     
   150.84848484848490        326639.62450018054        331293.21432267851        9244582816.0306549     
   150.98989898989905        325680.60519880074        331072.27041693497        9124727724.2605343     
   151.13131313131319        324733.12477433746        330852.56501362094        9006531533.5023403     
   151.27272727272734        323797.02310448774        330634.08998192404        8889969312.7774200     
   151.41414141414148        322872.14252955694        330416.83721709024        8775016541.0883961     
   151.55555555555563        321958.32781031611        330200.79864064726        8661649100.0712471     
   151.69696969696977        321055.42608664907        329985.96620062389        8549843266.7893467     
   151.83838383838392        320163.28683697083        329772.33187176392        8439575706.6665192     
   151.97979797979806        319281.76183840481        329559.88765573618        8330823466.5562792     
   152.12121212121221        318410.70512770111        329348.62558133941        8223563967.9444275     
   152.26262626262636        317549.97296288301        329138.53770470334        8117775000.2823048     
   152.40404040404050        316699.42378560541        328929.61610948452        8013434714.4479885     
   152.54545454545465        315858.91818421276        328721.85290705843        7910521616.3328505     
   152.68686868686879        315028.31885748130        328515.24023670715        7809014560.5508928     
   152.82828282828294        314207.49057903280        328309.77026580228        7708892744.2683525     
   152.96969696969711        313396.30016240565        328105.43518998445        7610135701.1511421     
   153.11111111111126        312594.61642677156        327902.22723333811        7512723295.4277105     
   153.25252525252540        311802.31016328331        327700.13864856237        7416635716.0649748     
   153.39393939393955        311019.25410204352        327499.16171713773        7321853471.0550413     
   153.53535353535369        310245.32287967898        327299.28874948906        7228357381.8104534     
   153.67676767676784        309480.39300751174        327100.51208514423        7136128577.6657658     
   153.81818181818198        308724.34284031304        326902.82409288932        7045148490.4833117     
   153.95959595959613        307977.05254562962        326706.21717091935        6955398849.3610191     
   154.10101010101027        307238.40407367120        326510.68374698603        6866861675.4402647     
   154.24242424242442        306508.28112774715        326316.21627854084        6779519276.8116961     
   154.38383838383857        305786.56913524301        326122.80725287518        6693354243.5170860     
   154.52525252525271        305073.15521912480        325930.44918725634        6608349442.6452627     
   154.66666666666686        304367.92816996202        325739.13462906005        6524488013.5202436     
   154.80808080808100        303670.77841845865        325548.85615589947        6441753362.9797058     
   154.94949494949515        302981.59800848231        325359.60637575056        6360129160.7419853     
   155.09090909090929        302300.28057058115        325171.37792707398        6279599334.8598347     
   155.23232323232344        301626.72129598103        324984.16347893345        6200148067.2592058     
   155.37373737373758        300960.81691105093        324797.95573111100        6121759789.3613529     
   155.51515151515173        300302.46565222967        324612.74741421844        6044419177.7865868     
   155.65656565656587        299651.56724140374        324428.53128980572        5968111150.1380711     
   155.79797979798005        299008.02286172833        324245.30015046604        5892820860.8640499     
   155.93939393939419        298371.73513388203        324063.04681993736        5818533697.1969509     
   156.08080808080834        297742.60809274821        323881.76415320131        5745235275.1678448     
   156.22222222222248        297120.54716451251        323701.44503657817        5672911435.6947451     
   156.36363636363663        296505.45914417133        323522.08238781942        5601548240.7433195     
   156.50505050505078        295897.25217344111        323343.66915619653        5531131969.5585375     
   156.64646464646492        295295.83571906196        323166.19832258712        5461649114.9658880     
   156.78787878787907        294701.12055148731        322989.66289955785        5393086379.7407703     
   156.92929292929321        294113.01872395253        322814.05593144451        5325430673.0447264     
   157.07070707070736        293531.44355191546        322639.37049442879        5258669106.9271841     
   157.21212121212150        292956.30959286104        322465.59969661245        5192788992.8914442     
   157.35353535353565        292387.53262646380        322292.73667808843        5127777838.5236197     
   157.49494949494979        291825.02963510074        322120.77461100905        5063623344.1833191     
   157.63636363636394        291268.71878470888        321949.70669965132        5000313399.7548456     
   157.77777777777808        290718.51940597896        321779.52618047962        4937836081.4577312     
   157.91919191919223        290174.35197588196        321610.22632220545        4876179648.7154512     
   158.06060606060637        289636.13809951890        321441.80042584438        4815332541.0811729     
   158.20202020202052        289103.80049228983        321274.24182477052        4755283375.2194319     
   158.34343434343467        288577.26296237495        321107.54388476780        4696020941.9426470     
   158.48484848484881        288056.45039352245        320941.70000407920        4637534203.3013964     
   158.62626262626299        287541.28872813756        320776.70361345285        4579812289.7274256     
   158.76767676767713        287031.70495066617        320612.54817618569        4522844497.2283516     
   158.90909090909128        286527.62707126827        320449.22718816466        4466620284.6330566     
   159.05050505050542        286028.98410977481        320286.73417790508        4411129270.8868074     
   159.19191919191957        285535.70607992454        320125.06270658667        4356361232.3951187     
   159.33333333333371        285047.72397387261        319964.20636808709        4302306100.4154301     
   159.47474747474786        284564.96974696859        319804.15878901281        4248953958.4956703     
   159.61616161616200        284087.37630279805        319644.91362872766        4196295039.9588037     
   159.75757575757615        283614.87747848092        319486.46457937907        4144319725.4324732     
   159.89898989899029        283147.40803022543        319328.80536592152        4093018540.4228783     
   160.04040404040444        282684.90361912875        319171.92974613811        4042382152.9320273     
   160.18181818181858        282227.30079722317        319015.83151065925        3992401371.1175456     
   160.32323232323273        281774.53699376096        318860.50448297960        3943067140.9942088     
   160.46464646464688        281326.55050173489        318705.94251947210        3894370544.1764178     
   160.60606060606102        280883.28046462912        318552.13950940012        3846302795.6608186     
   160.74747474747517        280444.66686339653        318399.08937492722        3798855241.6483126     
   160.88888888888931        280010.65050365776        318246.78607112466        3752019357.4046969     
   161.03030303030346        279581.17300311930        318095.22358597670        3705786745.1592064     
   161.17171717171760        279156.17677920480        317944.39594038372        3660149132.0402269     
   161.31313131313178        278735.60503689683        317794.29718816327        3615098368.0474868     
   161.45454545454592        278319.40175678447        317644.92141604866        3570626424.0600204     
   161.59595959596007        277907.51168331387        317496.26274368569        3526725389.8792319     
   161.73737373737421        277499.88031323632        317348.31532362738        3483387472.3064008     
   161.87878787878836        277096.45388425258        317201.07334132621        3440604993.2539630     
   162.02020202020250        276697.17936384788        317054.53101512464        3398370387.8899469     
   162.16161616161665        276302.00443831459        316908.68259624339        3356676202.8149223     
   162.30303030303079        275910.87750195962        316763.52236876794        3315515094.2708626     
   162.44444444444494        275523.74764649285        316619.04464963265        3274879826.3813148     
   162.58585858585909        275140.56465059321        316475.24378860329        3234763269.4222860     
   162.72727272727323        274761.27896964923        316332.11416825739        3195158398.1232743     
   162.86868686868738        274385.84172567073        316189.65020396258        3156058289.9978752     
   163.01010101010152        274014.20469736896        316047.84634385322        3117456123.7034149     
   163.15151515151567        273646.32031040115        315906.69706880505        3079345177.4290614     
   163.29292929292981        273282.14162777789        315766.19689240784        3041718827.3118839     
   163.43434343434396        272921.62234042917        315626.34036093624        3004570545.8803411     
   163.57575757575810        272564.71675792662        315487.12205331901        2967893900.5246835     
   163.71717171717225        272211.37979935989        315348.53658110596        2931682551.9937716     
   163.85858585858639        271861.56698436214        315210.57858843351        2895930252.9178181     
   164.00000000000054        271515.23442428478        315073.24275198823        2860630846.3565693     
