   83.152354885603202     
   150.00000000000000        332645.34485837002        332645.34485837002        10000000000.000000     
   150.14141414141415        332268.42476040148        332469.92401470570        9844825776.8322182     
   150.28282828282832        331895.50650267291        332295.24431584717        9692131297.7864208     
   150.42424242424246        331526.53067616478        332121.29995130078        9541875303.9905319     
   150.56565656565661        331161.43881796376        331948.08513410098        9394017259.0003891     
   150.70707070707076        330800.17339474621        331775.59410105052        9248517335.3959274     
   150.84848484848490        330442.67778657679        331603.82111295505        9105336401.6409950     
   150.98989898989905        330088.89627101662        331432.76045485219        8964436009.2013302     
   151.13131313131319        329738.77400753676        331262.40643623524        8825778379.9153728     
   151.27272727272734        329392.25702222722        331092.75339127076        8689326393.6126423     
   151.41414141414148        329049.29219279811        330923.79567901156        8555043575.9746046     
   151.55555555555563        328709.82723386580        330755.52768360346        8422894086.6329842     
   151.69696969696977        328373.81068251893        330587.94381448743        8292842707.5006504     
   151.83838383838392        328041.19188415812        330421.03850659571        8164854831.3302603     
   151.97979797979806        327711.92097860319        330254.80622054328        8038896450.4959898     
   152.12121212121221        327385.94888646470        330089.24144281395        7914934145.9937458     
   152.26262626262636        327063.22729577153        329924.33868594072        7792935076.6553688     
   152.40404040404050        326743.70864885137        329760.09248868196        7672866968.5724525     
   152.54545454545465        326427.34612945811        329596.49741619173        7554698104.7254572     
   152.68686868686879        326114.09365014156        329433.54806018545        7438397314.8139153     
   152.82828282828294        325803.90583985369        329271.23903910042        7323933965.2836256     
   152.96969696969711        325496.73803178850        329109.56499825144        7211277949.5467892     
   153.11111111111126        325192.54625144874        328948.52060998161        7100399678.3911533     
   153.25252525252540        324891.28720493551        328788.10057380813        6991270070.5743084     
   153.39393939393955        324592.91826745757        328628.29961656325        6883860543.5993528     
   153.53535353535369        324297.39747205371        328469.11249253072        6778143004.6682396     
   153.67676767676784        324004.68349852593        328310.53398357722        6674089841.8091869     
   153.81818181818198        323714.73566257744        328152.55889927916        6571673915.1746025     
   153.95959595959613        323427.51390515320        327995.18207704503        6470868548.5060816     
   154.10101010101027        323142.97878197749        327838.39838223299        6371647520.7630663     
   154.24242424242442        322861.09145328467        327682.20270826400        6273985057.9118567     
   154.38383838383857        322581.81367374037        327526.58997673006        6177855824.8717279     
   154.52525252525271        322305.10778254789        327371.55513749883        6083234917.6149836     
   154.66666666666686        322030.93669373763        327217.09316881292        5990097855.4178085     
   154.80808080808100        321759.26388663391        327063.19907738536        5898420573.2589102     
   154.94949494949515        321490.05339649791        326909.86789849045        5808179414.3629389     
   155.09090909090929        321223.26980534085        326757.09469605057        5719351122.8857889     
   155.23232323232344        320958.87823290669        326604.87456271867        5631912836.7389183     
   155.37373737373758        320696.84432781849        326453.20261995617        5545842080.5498877     
   155.51515151515173        320437.13425888662        326302.07401810749        5461116758.7563953     
   155.65656565656587        320179.71470657544        326151.48393646965        5377715148.8311100     
   155.79797979798005        319924.55285462464        326001.42758335831        5295615894.6346989     
   155.93939393939419        319671.61638182291        325851.90019616939        5214797999.8944731     
   156.08080808080834        319420.87345393084        325702.89704143733        5135240821.8061457     
   156.22222222222248        319172.29271574906        325554.41341488861        5056924064.7562256     
   156.36363636363663        318925.84328333079        325406.44464149192        4979827774.1626654     
   156.50505050505078        318681.49473633431        325258.98607550439        4903932330.4313812     
   156.64646464646492        318439.21711051225        325112.03310051357        4829218443.0263443     
   156.78787878787907        318198.98089033755        324965.58112947637        4755667144.6509981     
   156.92929292929321        317960.75700175966        324819.62560475356        4683259785.5387583     
   157.07070707070736        317724.51680509193        324674.16199814097        4611978027.8504620     
   157.21212121212150        317490.23208802554        324529.18581089715        4541803840.1766224     
   157.35353535353565        317257.87505876832        324384.69257376686        4472719492.1424198     
   157.49494949494979        317027.41833930498        324240.67784700159        4404707549.1133938     
   157.63636363636394        316798.83495877881        324097.13722037617        4337750866.9998512     
   157.77777777777808        316572.09834698879        323954.06631320220        4271832587.1580291     
   157.91919191919223        316347.18232800323        323811.46077433764        4206936131.3861113     
   158.06060606060637        316124.06111388654        323669.31628219353        4143045197.0132313     
   158.20202020202052        315902.70929853542        323527.62854473660        4080143752.0796180     
   158.34343434343467        315683.10185162496        323386.39329948951        4018216030.6061049     
   158.48484848484881        315465.21411266056        323245.60631352704        3957246527.9512429     
   158.62626262626299        315249.02178513445        323105.26338346931        3897219996.2542915     
   158.76767676767713        315034.50093078456        322965.36033547181        3838121439.9624124     
   158.90909090909128        314821.62796395412        322825.89302521228        3779936111.4404101     
   159.05050505050542        314610.37964604935        322686.85733787459        3722649506.6614122     
   159.19191919191957        314400.73308009375        322548.24918812927        3666247360.9768977     
   159.33333333333371        314192.66570537718        322410.06452011113        3610715644.9645319     
   159.47474747474786        313986.15529219795        322272.29930739407        3556040560.3522859     
   159.61616161616200        313781.17993669608        322134.94955296256        3502208536.0173588     
   159.75757575757615        313577.71805577562        321998.01128918078        3449206224.0584455     
   159.89898989899029        313375.74838211515        321861.48057775805        3397020495.9399166     
   160.04040404040444        313175.24995926314        321725.35350971238        3345638438.7065310     
   160.18181818181858        312976.20213681931        321589.62620533042        3295047351.2672968     
   160.32323232323273        312778.58456569724        321454.29481412529        3245234740.7471466     
   160.46464646464688        312582.37719346915        321319.35551479115        3196188318.9051204     
   160.60606060606102        312387.56025978964        321184.80451515538        3147895998.6177559     
   160.74747474747517        312194.11429189768        321050.63805212843        3100345890.4264488     
   160.88888888888931        312002.02010019543        320916.85239165026        3053526299.1475234     
   161.03030303030346        311811.25877390167        320783.44382863509        3007425720.5438247     
   161.17171717171760        311621.81167677970        320650.40868691297        2962032838.0566401     
   161.31313131313178        311433.66044293722        320517.74331916950        2917336519.5967927     
   161.45454545454592        311246.78697269701        320385.44410688250        2873325814.3937635     
   161.59595959596007        311061.17342853727        320253.50746025657        2829989949.9017406     
   161.73737373737421        310876.80223110091        320121.92981815548        2787318328.7614932     
   161.87878787878836        310693.65605527104        319990.70764803176        2745300525.8170099     
   162.02020202020250        310511.71782631247        319859.83744585444        2703926285.1858482     
   162.16161616161665        310330.97071607842        319729.31573603448        2663185517.3821731     
   162.30303030303079        310151.39813927974        319599.13907134766        2623068296.4914780     
   162.44444444444494        309972.98374981649        319469.30403285567        2583564857.3960023     
   162.58585858585909        309795.71143717045        319339.80722982500        2544665593.0498834     
   162.72727272727323        309619.56532285846        319210.64529964351        2506361051.8030920     
   162.86868686868738        309444.52975694259        319081.81490773533        2468641934.7732301     
   163.01010101010152        309270.58931460045        318953.31274747325        2431499093.2642794     
   163.15151515151567        309097.72879274981        318825.13554008963        2394923526.2314100     
   163.29292929292981        308925.93320672971        318697.28003458504        2358906377.7909832     
   163.43434343434396        308755.18778703647        318569.74300763500        2323438934.7748833     
   163.57575757575810        308585.47797611228        318442.52126349520        2288512624.3283539     
   163.71717171717225        308416.78942518792        318315.61163390434        2254119011.5505047     
   163.85858585858639        308249.10799117479        318189.01097798557        2220249797.1766953     
   164.00000000000054        308082.41973360925        318062.71618214610        2186896815.3020000     
