   998.89464798719462     
   150.00000000000000        332645.34485837002        1.3672961681806765E-011
   150.70707070707073        325314.28444549919        1.3672961681806765E-011
   151.41414141414145        318420.55485091120        1.3672961681806765E-011
   152.12121212121215        311934.55587034835        1.3672961681806765E-011
   152.82828282828288        305828.92284712591        1.3672961681806765E-011
   153.53535353535358        300078.33956217964        1.3672961681806765E-011
   154.24242424242431        294659.36815508374        1.3672961681806765E-011
   154.94949494949503        289550.29441835557        1.3672961681806765E-011
   155.65656565656573        284730.98697814811        1.3672961681806765E-011
   156.36363636363646        280182.76902673027        1.3672961681806765E-011
   157.07070707070716        275888.30140804173        1.3672961681806765E-011
   157.77777777777789        271831.47597894538        1.3672961681806765E-011
   158.48484848484861        267997.31827720196        1.3672961681806765E-011
   159.19191919191931        264371.89862410916        1.3672961681806765E-011
   159.89898989899004        260942.25087644398        1.3672961681806765E-011
   160.60606060606074        257696.29811996361        1.3672961681806765E-011
   161.31313131313146        254622.78466623856        1.3672961681806765E-011
   162.02020202020219        251711.21377691184        1.3672961681806765E-011
   162.72727272727289        248951.79059537218        1.3672961681806765E-011
   163.43434343434362        246335.36981599592        1.3672961681806765E-011
   164.14141414141432        243853.40766616957        1.3672961681806765E-011
   164.84848484848504        241497.91781679762        1.3672961681806765E-011
   165.55555555555577        239261.43087341468        1.3672961681806765E-011
   166.26262626262647        237136.95713279292        1.3672961681806765E-011
   166.96969696969720        235117.95231943985        1.3672961681806765E-011
   167.67676767676789        233198.28604297544        1.3672961681806765E-011
   168.38383838383862        231372.21274134744        1.3672961681806765E-011
   169.09090909090935        229634.34489647200        1.3672961681806765E-011
   169.79797979798005        227979.62832841958        1.3672961681806765E-011
   170.50505050505078        226403.31939189805        1.3672961681806765E-011
   171.21212121212147        224900.96391473591        1.3672961681806765E-011
   171.91919191919220        223468.37773248920        1.3672961681806765E-011
   172.62626262626293        222101.62868634780        1.3672961681806765E-011
   173.33333333333363        220797.01996333725        1.3672961681806765E-011
   174.04040404040435        219551.07466852485        1.3672961681806765E-011
   174.74747474747505        218360.52152864769        1.3672961681806765E-011
   175.45454545454578        217222.28163539001        1.3672961681806765E-011
   176.16161616161651        216133.45614453522        1.3672961681806765E-011
   176.86868686868721        215091.31485447890        1.3672961681806765E-011
   177.57575757575793        214093.28559418677        1.3672961681806765E-011
   178.28282828282863        213136.94435668213        1.3672961681806765E-011
   178.98989898989936        212220.00611960492        1.3672961681806765E-011
   179.69696969697009        211340.31629934665        1.3672961681806765E-011
   180.40404040404079        210495.84278979289        1.3672961681806765E-011
   181.11111111111151        209684.66854081556        1.3672961681806765E-011
   181.81818181818221        208904.98463541927        1.3672961681806765E-011
   182.52525252525294        208155.08382785946        1.3672961681806765E-011
   183.23232323232367        207433.35450817758        1.3672961681806765E-011
   183.93939393939436        206738.27506144159        1.3672961681806765E-011
   184.64646464646509        206068.40859257977        1.3672961681806765E-011
   185.35353535353579        205422.39799007380        1.3672961681806765E-011
   186.06060606060652        204798.96130393815        1.3672961681806765E-011
   186.76767676767724        204196.88741539867        1.3672961681806765E-011
   187.47474747474794        203615.03197749244        1.3672961681806765E-011
   188.18181818181867        203052.31360746635        1.3672961681806765E-011
   188.88888888888937        202507.71031336757        1.3672961681806765E-011
   189.59595959596010        201980.25613860259        1.3672961681806765E-011
   190.30303030303082        201469.03800951180        1.3672961681806765E-011
   191.01010101010152        200973.19277216657        1.3672961681806765E-011
   191.71717171717225        200491.90440565778        1.3672961681806765E-011
   192.42424242424295        200024.40140012192        1.3672961681806765E-011
   193.13131313131368        199569.95428863994        1.3672961681806765E-011
   193.83838383838440        199127.87332296526        1.3672961681806765E-011
   194.54545454545510        198697.50628378271        1.3672961681806765E-011
   195.25252525252583        198278.23641689701        1.3672961681806765E-011
   195.95959595959653        197869.48048736979        1.3672961681806765E-011
   196.66666666666725        197470.68694421294        1.3672961681806765E-011
   197.37373737373798        197081.33418877449        1.3672961681806765E-011
   198.08080808080868        196700.92894044207        1.3672961681806765E-011
   198.78787878787941        196329.00469374019        1.3672961681806765E-011
   199.49494949495011        195965.12026130676        1.3672961681806765E-011
   200.20202020202083        195608.85839762478        1.3672961681806765E-011
   200.90909090909156        195259.82449872151        1.3672961681806765E-011
   201.61616161616226        194917.64537338147        1.3672961681806765E-011
   202.32323232323299        194581.96808170984        1.3672961681806765E-011
   203.03030303030368        194252.45883716035        1.3672961681806765E-011
   203.73737373737441        193928.80196839769        1.3672961681806765E-011
   204.44444444444514        193610.69893758663        1.3672961681806765E-011
   205.15151515151584        193297.86741193567        1.3672961681806765E-011
   205.85858585858657        192990.04038549925        1.3672961681806765E-011
   206.56565656565726        192686.96534845114        1.3672961681806765E-011
   207.27272727272799        192388.40350119484        1.3672961681806765E-011
   207.97979797979872        192094.12901084655        1.3672961681806765E-011
   208.68686868686942        191803.92830776921        1.3672961681806765E-011
   209.39393939394014        191517.59941998014        1.3672961681806765E-011
   210.10101010101084        191234.95134336734        1.3672961681806765E-011
   210.80808080808157        190955.80344579063        1.3672961681806765E-011
   211.51515151515230        190679.98490323650        1.3672961681806765E-011
   212.22222222222300        190407.33416629667        1.3672961681806765E-011
   212.92929292929372        190137.69845536968        1.3672961681806765E-011
   213.63636363636442        189870.93328307598        1.3672961681806765E-011
   214.34343434343515        189606.90200232895        1.3672961681806765E-011
   215.05050505050588        189345.47537852527        1.3672961681806765E-011
   215.75757575757657        189086.53118534255        1.3672961681806765E-011
   216.46464646464730        188829.95382383911        1.3672961681806765E-011
   217.17171717171800        188575.63395662469        1.3672961681806765E-011
   217.87878787878873        188323.46815624562        1.3672961681806765E-011
   218.58585858585946        188073.35864310878        1.3672961681806765E-011
   219.29292929293015        187825.21282843186        1.3672961681806765E-011
   220.00000000000088        187578.94323666126        1.3672961681806765E-011
