   998.89464798719462     
   150.00000000000000        332645.34485837002        9.1774986996527066E-012
   150.70707070707073        325314.28444312885        9.1774986996527066E-012
   151.41414141414145        318420.55484633031        9.1774986996527066E-012
   152.12121212121215        311934.55586370756        9.1774986996527066E-012
   152.82828282828288        305828.92283856706        9.1774986996527066E-012
   153.53535353535358        300078.33955183602        9.1774986996527066E-012
   154.24242424242431        294659.36814308062        9.1774986996527066E-012
   154.94949494949503        289550.29440481029        9.1774986996527066E-012
   155.65656565656573        284730.98696317076        9.1774986996527066E-012
   156.36363636363646        280182.76901042380        9.1774986996527066E-012
   157.07070707070716        275888.30139050237        9.1774986996527066E-012
   157.77777777777789        271831.47596026323        9.1774986996527066E-012
   158.48484848484861        267997.31825746119        9.1774986996527066E-012
   159.19191919191931        264371.89860338799        9.1774986996527066E-012
   159.89898989899004        260942.25085481582        9.1774986996527066E-012
   160.60606060606074        257696.29809749674        9.1774986996527066E-012
   161.31313131313146        254622.78464299662        9.1774986996527066E-012
   162.02020202020219        251711.21375295412        9.1774986996527066E-012
   162.72727272727289        248951.79057075392        9.1774986996527066E-012
   163.43434343434362        246335.36979076857        9.1774986996527066E-012
   164.14141414141432        243853.40764038087        9.1774986996527066E-012
   164.84848484848504        241497.91779049218        9.1774986996527066E-012
   165.55555555555577        239261.43084663397        9.1774986996527066E-012
   166.26262626262647        237136.95710557536        9.1774986996527066E-012
   166.96969696969720        235117.95229182107        9.1774986996527066E-012
   167.67676767676789        233198.28601498890        9.1774986996527066E-012
   168.38383838383862        231372.21271302379        9.1774986996527066E-012
   169.09090909090935        229634.34486784018        9.1774986996527066E-012
   169.79797979798005        227979.62829950624        9.1774986996527066E-012
   170.50505050505078        226403.31936272766        9.1774986996527066E-012
   171.21212121212147        224900.96388533158        9.1774986996527066E-012
   171.91919191919220        223468.37770287218        9.1774986996527066E-012
   172.62626262626293        222101.62865653774        9.1774986996527066E-012
   173.33333333333363        220797.01993335248        9.1774986996527066E-012
   174.04040404040435        219551.07463838247        9.1774986996527066E-012
   174.74747474747505        218360.52149836347        9.1774986996527066E-012
   175.45454545454578        217222.28160497829        9.1774986996527066E-012
   176.16161616161651        216133.45611400958        9.1774986996527066E-012
   176.86868686868721        215091.31482385186        9.1774986996527066E-012
   177.57575757575793        214093.28556347004        9.1774986996527066E-012
   178.28282828282863        213136.94432588626        9.1774986996527066E-012
   178.98989898989936        212220.00608873984        9.1774986996527066E-012
   179.69696969697009        211340.31626842183        9.1774986996527066E-012
   180.40404040404079        210495.84275881646        9.1774986996527066E-012
   181.11111111111151        209684.66850979539        9.1774986996527066E-012
   181.81818181818221        208904.98460436263        9.1774986996527066E-012
   182.52525252525294        208155.08379677299        9.1774986996527066E-012
   183.23232323232367        207433.35447706754        9.1774986996527066E-012
   183.93939393939436        206738.27503031350        9.1774986996527066E-012
   184.64646464646509        206068.40856143888        9.1774986996527066E-012
   185.35353535353579        205422.39795892494        9.1774986996527066E-012
   186.06060606060652        204798.96127278576        9.1774986996527066E-012
   186.76767676767724        204196.88738424683        9.1774986996527066E-012
   187.47474747474794        203615.03194634477        9.1774986996527066E-012
   188.18181818181867        203052.31357632630        9.1774986996527066E-012
   188.88888888888937        202507.71028223837        9.1774986996527066E-012
   189.59595959596010        201980.25610748734        9.1774986996527066E-012
   190.30303030303082        201469.03797841311        9.1774986996527066E-012
   191.01010101010152        200973.19274108662        9.1774986996527066E-012
   191.71717171717225        200491.90437459887        9.1774986996527066E-012
   192.42424242424295        200024.40136908609        9.1774986996527066E-012
   193.13131313131368        199569.95425762914        9.1774986996527066E-012
   193.83838383838440        199127.87329198082        9.1774986996527066E-012
   194.54545454545510        198697.50625282651        9.1774986996527066E-012
   195.25252525252583        198278.23638597038        9.1774986996527066E-012
   195.95959595959653        197869.48045647415        9.1774986996527066E-012
   196.66666666666725        197470.68691334900        9.1774986996527066E-012
   197.37373737373798        197081.33415794396        9.1774986996527066E-012
   198.08080808080868        196700.92890964577        9.1774986996527066E-012
   198.78787878787941        196329.00466297861        9.1774986996527066E-012
   199.49494949495011        195965.12023058091        9.1774986996527066E-012
   200.20202020202083        195608.85836693493        9.1774986996527066E-012
   200.90909090909156        195259.82446806872        9.1774986996527066E-012
   201.61616161616226        194917.64534276602        9.1774986996527066E-012
   202.32323232323299        194581.96805113181        9.1774986996527066E-012
   203.03030303030368        194252.45880662077        9.1774986996527066E-012
   203.73737373737441        193928.80193789626        9.1774986996527066E-012
   204.44444444444514        193610.69890712385        9.1774986996527066E-012
   205.15151515151584        193297.86738151225        9.1774986996527066E-012
   205.85858585858657        192990.04035511464        9.1774986996527066E-012
   206.56565656565726        192686.96531810623        9.1774986996527066E-012
   207.27272727272799        192388.40347088929        9.1774986996527066E-012
   207.97979797979872        192094.12898058051        9.1774986996527066E-012
   208.68686868686942        191803.92827754331        9.1774986996527066E-012
   209.39393939394014        191517.59938979414        9.1774986996527066E-012
   210.10101010101084        191234.95131322159        9.1774986996527066E-012
   210.80808080808157        190955.80341568412        9.1774986996527066E-012
   211.51515151515230        190679.98487316925        9.1774986996527066E-012
   212.22222222222300        190407.33413627159        9.1774986996527066E-012
   212.92929292929372        190137.69842538956        9.1774986996527066E-012
   213.63636363636442        189870.93325312430        9.1774986996527066E-012
   214.34343434343515        189606.90197239348        9.1774986996527066E-012
   215.05050505050588        189345.47534869803        9.1774986996527066E-012
   215.75757575757657        189086.53115564733        9.1774986996527066E-012
   216.46464646464730        188829.95379374042        9.1774986996527066E-012
   217.17171717171800        188575.63392653540        9.1774986996527066E-012
   217.87878787878873        188323.46812876395        9.1774986996527066E-012
   218.58585858585946        188073.35860986338        9.1774986996527066E-012
   219.29292929293015        187825.21280066005        9.1774986996527066E-012
   220.00000000000088        187578.94320892589        9.1774986996527066E-012
