   998.89464798719462     
   150.00000000000000        332645.34485837002        3.8094490821113503E-011
   150.70707070707073        325314.28451775166        3.8094490821113503E-011
   151.41414141414145        318420.55499054515        3.8094490821113503E-011
   152.12121212121215        311934.55607277149        3.8094490821113503E-011
   152.82828282828288        305828.92310801509        3.8094490821113503E-011
   153.53535353535358        300078.33987747086        3.8094490821113503E-011
   154.24242424242431        294659.36852096132        3.8094490821113503E-011
   154.94949494949503        289550.29483124072        3.8094490821113503E-011
   155.65656565656573        284730.98743468785        3.8094490821113503E-011
   156.36363636363646        280182.76952378580        3.8094490821113503E-011
   157.07070707070716        275888.30194267712        3.8094490821113503E-011
   157.77777777777789        271831.47654841666        3.8094490821113503E-011
   158.48484848484861        267997.31887894578        3.8094490821113503E-011
   159.19191919191931        264371.89925573301        3.8094490821113503E-011
   159.89898989899004        260942.25153571562        3.8094490821113503E-011
   160.60606060606074        257696.29880480134        3.8094490821113503E-011
   161.31313131313146        254622.78537470201        3.8094490821113503E-011
   162.02020202020219        251711.21450719348        3.8094490821113503E-011
   162.72727272727289        248951.79134578843        3.8094490821113503E-011
   163.43434343434362        246335.37058497960        3.8094490821113503E-011
   164.14141414141432        243853.40845226211        3.8094490821113503E-011
   164.84848484848504        241497.91861864214        3.8094490821113503E-011
   165.55555555555577        239261.43168974933        3.8094490821113503E-011
   166.26262626262647        237136.95796244417        3.8094490821113503E-011
   166.96969696969720        235117.95316131695        3.8094490821113503E-011
   167.67676767676789        233198.28689606520        3.8094490821113503E-011
   168.38383838383862        231372.21360470809        3.8094490821113503E-011
   169.09090909090935        229634.34576922923        3.8094490821113503E-011
   169.79797979798005        227979.62920976139        3.8094490821113503E-011
   170.50505050505078        226403.32028107066        3.8094490821113503E-011
   171.21212121212147        224900.96481103997        3.8094490821113503E-011
   171.91919191919220        223468.37863527570        3.8094490821113503E-011
   172.62626262626293        222101.62959501476        3.8094490821113503E-011
   173.33333333333363        220797.02087732631        3.8094490821113503E-011
   174.04040404040435        219551.07558731886        3.8094490821113503E-011
   174.74747474747505        218360.52245176685        3.8094490821113503E-011
   175.45454545454578        217222.28256238991        3.8094490821113503E-011
   176.16161616161651        216133.45707500432        3.8094490821113503E-011
   176.86868686868721        215091.31578803613        3.8094490821113503E-011
   177.57575757575793        214093.28653047915        3.8094490821113503E-011
   178.28282828282863        213136.94529538334        3.8094490821113503E-011
   178.98989898989936        212220.00706041296        3.8094490821113503E-011
   179.69696969697009        211340.31724198256        3.8094490821113503E-011
   180.40404040404079        210495.84373399842        3.8094490821113503E-011
   181.11111111111151        209684.66948635253        3.8094490821113503E-011
   181.81818181818221        208904.98558206719        3.8094490821113503E-011
   182.52525252525294        208155.08477541507        3.8094490821113503E-011
   183.23232323232367        207433.35545645366        3.8094490821113503E-011
   183.93939393939436        206738.27601026470        3.8094490821113503E-011
   184.64646464646509        206068.40954179084        3.8094490821113503E-011
   185.35353535353579        205422.39893952600        3.8094490821113503E-011
   186.06060606060652        204798.96225349620        3.8094490821113503E-011
   186.76767676767724        204196.88836493841        3.8094490821113503E-011
   187.47474747474794        203615.03292689961        3.8094490821113503E-011
   188.18181818181867        203052.31455663597        3.8094490821113503E-011
   188.88888888888937        202507.71126220326        3.8094490821113503E-011
   189.59595959596010        201980.25708701616        3.8094490821113503E-011
   190.30303030303082        201469.03895742251        3.8094490821113503E-011
   191.01010101010152        200973.19371950001        3.8094490821113503E-011
   191.71717171717225        200491.90535234619        3.8094490821113503E-011
   192.42424242424295        200024.40234610345        3.8094490821113503E-011
   193.13131313131368        199569.95523385852        3.8094490821113503E-011
   193.83838383838440        199127.87426736910        3.8094490821113503E-011
   194.54545454545510        198697.50722732546        3.8094490821113503E-011
   195.25252525252583        198278.23735953608        3.8094490821113503E-011
   195.95959595959653        197869.48142906680        3.8094490821113503E-011
   196.66666666666725        197470.68788493311        3.8094490821113503E-011
   197.37373737373798        197081.33512848712        3.8094490821113503E-011
   198.08080808080868        196700.92987911889        3.8094490821113503E-011
   198.78787878787941        196329.00563135560        3.8094490821113503E-011
   199.49494949495011        195965.12119783807        3.8094490821113503E-011
   200.20202020202083        195608.85933305186        3.8094490821113503E-011
   200.90909090909156        195259.82543302671        3.8094490821113503E-011
   201.61616161616226        194917.64630654859        3.8094490821113503E-011
   202.32323232323299        194581.96901372515        3.8094490821113503E-011
   203.03030303030368        194252.45976801167        3.8094490821113503E-011
   203.73737373737441        193928.80289807421        3.8094490821113503E-011
   204.44444444444514        193610.69986607978        3.8094490821113503E-011
   205.15151515151584        193297.86833923720        3.8094490821113503E-011
   205.85858585858657        192990.04131160295        3.8094490821113503E-011
   206.56565656565726        192686.96627335114        3.8094490821113503E-011
   207.27272727272799        192388.40442488671        3.8094490821113503E-011
   207.97979797979872        192094.12993332729        3.8094490821113503E-011
   208.68686868686942        191803.92922903664        3.8094490821113503E-011
   209.39393939394014        191517.60034003179        3.8094490821113503E-011
   210.10101010101084        191234.95226220309        3.8094490821113503E-011
   210.80808080808157        190955.80436341281        3.8094490821113503E-011
   211.51515151515230        190679.98581964144        3.8094490821113503E-011
   212.22222222222300        190407.33508147186        3.8094490821113503E-011
   212.92929292929372        190137.69936933290        3.8094490821113503E-011
   213.63636363636442        189870.93419589702        3.8094490821113503E-011
   214.34343434343515        189606.90291393967        3.8094490821113503E-011
   215.05050505050588        189345.47628857970        3.8094490821113503E-011
   215.75757575757657        189086.53209424642        3.8094490821113503E-011
   216.46464646464730        188829.95473327502        3.8094490821113503E-011
   217.17171717171800        188575.63486340281        3.8094490821113503E-011
   217.87878787878873        188323.46905437438        3.8094490821113503E-011
   218.58585858585946        188073.35956128329        3.8094490821113503E-011
   219.29292929293015        187825.21372406065        3.8094490821113503E-011
   220.00000000000088        187578.94413111574        3.8094490821113503E-011
