   998.89464798719462     
   150.00000000000000        332645.34485837002        2.3966694645519409E-008
   150.70707070707073        325314.36791671475        2.3966694645519409E-008
   151.41414141414145        318420.71616618836        2.3966694645519409E-008
   152.12121212121215        311934.78972425603        2.3966694645519409E-008
   152.82828282828288        305829.22424530273        2.3966694645519409E-008
   153.53535353535358        300078.70380957850        2.3966694645519409E-008
   154.24242424242431        294659.79084347270        2.3966694645519409E-008
   154.94949494949503        289550.77141336544        2.3966694645519409E-008
   155.65656565656573        284731.51440610422        2.3966694645519409E-008
   156.36363636363646        280183.34326145460        2.3966694645519409E-008
   157.07070707070716        275888.91905777616        2.3966694645519409E-008
   157.77777777777789        271832.13387351146        2.3966694645519409E-008
   158.48484848484861        267998.01345548732        2.3966694645519409E-008
   159.19191919191931        264372.62832194741        2.3966694645519409E-008
   159.89898989899004        260943.01251493534        2.3966694645519409E-008
   160.60606060606074        257697.08929427079        2.3966694645519409E-008
   161.31313131313146        254623.60313487836        2.3966694645519409E-008
   162.02020202020219        251712.05745155353        2.3966694645519409E-008
   162.72727272727289        248952.65753114584        2.3966694645519409E-008
   163.43434343434362        246336.25820230768        2.3966694645519409E-008
   164.14141414141432        243854.31581801554        2.3966694645519409E-008
   164.84848484848504        241498.84416656505        2.3966694645519409E-008
   165.55555555555577        239262.37396315514        2.3966694645519409E-008
   166.26262626262647        237137.91560695125        2.3966694645519409E-008
   166.96969696969720        235118.92491802078        2.3966694645519409E-008
   167.67676767676789        233199.27159512870        2.3966694645519409E-008
   168.38383838383862        231373.21015935121        2.3966694645519409E-008
   169.09090909090935        229635.35317009588        2.3966694645519409E-008
   169.79797979798005        227980.64651964678        2.3966694645519409E-008
   170.50505050505078        226404.34662998735        2.3966694645519409E-008
   171.21212121212147        224901.99939160445        2.3966694645519409E-008
   171.91919191919220        223469.42069839835        2.3966694645519409E-008
   172.62626262626293        222102.67844587294        2.3966694645519409E-008
   173.33333333333363        220798.07587160548        2.3966694645519409E-008
   174.04040404040435        219552.13612770394        2.3966694645519409E-008
   174.74747474747505        218361.58798467030        2.3966694645519409E-008
   175.45454545454578        217223.35257489869        2.3966694645519409E-008
   176.16161616161651        216134.53109203483        2.3966694645519409E-008
   176.86868686868721        215092.39336968129        2.3966694645519409E-008
   177.57575757575793        214094.36726953671        2.3966694645519409E-008
   178.28282828282863        213138.02881505250        2.3966694645519409E-008
   178.98989898989936        212221.09301214950        2.3966694645519409E-008
   179.69696969697009        211341.40530350065        2.3966694645519409E-008
   180.40404040404079        210496.93360740982        2.3966694645519409E-008
   181.11111111111151        209685.76089643422        2.3966694645519409E-008
   181.81818181818221        208906.07827464835        2.3966694645519409E-008
   182.52525252525294        208156.17851587600        2.3966694645519409E-008
   183.23232323232367        207434.45002832825        2.3966694645519409E-008
   183.93939393939436        206739.37121394003        2.3966694645519409E-008
   184.64646464646509        206069.50519329688        2.3966694645519409E-008
   185.35353535353579        205423.49486940965        2.3966694645519409E-008
   186.06060606060652        204800.05830577385        2.3966694645519409E-008
   186.76767676767724        204197.98439612094        2.3966694645519409E-008
   187.47474747474794        203616.12880508622        2.3966694645519409E-008
   188.18181818181867        203053.41016067110        2.3966694645519409E-008
   188.88888888888937        202508.80648089200        2.3966694645519409E-008
   189.59595959596010        201981.35181839479        2.3966694645519409E-008
   190.30303030303082        201470.13310808106        2.3966694645519409E-008
   191.01010101010152        200974.28720395188        2.3966694645519409E-008
   191.71717171717225        200492.99809244100        2.3966694645519409E-008
   192.42424242424295        200025.49427048306        2.3966694645519409E-008
   193.13131313131368        199571.04627745011        2.3966694645519409E-008
   193.83838383838440        199128.96437091538        2.3966694645519409E-008
   194.54545454545510        198698.59633694630        2.3966694645519409E-008
   195.25252525252583        198279.32542632331        2.3966694645519409E-008
   195.95959595959653        197870.56840870591        2.3966694645519409E-008
   196.66666666666725        197471.77373735336        2.3966694645519409E-008
   197.37373737373798        197082.41981753492        2.3966694645519409E-008
   198.08080808080868        196702.01337225706        2.3966694645519409E-008
   198.78787878787941        196330.08789938112        2.3966694645519409E-008
   199.49494949495011        195966.20221462272        2.3966694645519409E-008
   200.20202020202083        195609.93907529998        2.3966694645519409E-008
   200.90909090909156        195260.90388005064        2.3966694645519409E-008
   201.61616161616226        194918.72344006109        2.3966694645519409E-008
   202.32323232323299        194583.04481764563        2.3966694645519409E-008
   203.03030303030368        194253.53422828834        2.3966694645519409E-008
   203.73737373737441        193929.87600251712        2.3966694645519409E-008
   204.44444444444514        193611.77160420732        2.3966694645519409E-008
   205.15151515151584        193298.93870213479        2.3966694645519409E-008
   205.85858585858657        192991.11029178966        2.3966694645519409E-008
   206.56565656565726        192688.03386465728        2.3966694645519409E-008
   207.27272727272799        192389.47062234054        2.3966694645519409E-008
   207.97979797979872        192095.19473305461        2.3966694645519409E-008
   208.68686868686942        191804.99262816686        2.3966694645519409E-008
   209.39393939394014        191518.66233659582        2.3966694645519409E-008
   210.10101010101084        191236.01285502291        2.3966694645519409E-008
   210.80808080808157        190956.86355204490        2.3966694645519409E-008
   211.51515151515230        190681.04360443837        2.3966694645519409E-008
   212.22222222222300        190408.39146360211        2.3966694645519409E-008
   212.92929292929372        190138.75435027367        2.3966694645519409E-008
   213.63636363636442        189871.98777651059        2.3966694645519409E-008
   214.34343434343515        189607.95509536983        2.3966694645519409E-008
   215.05050505050588        189346.52707694707        2.3966694645519409E-008
   215.75757575757657        189087.58150066590        2.3966694645519409E-008
   216.46464646464730        188831.00275202934        2.3966694645519409E-008
   217.17171717171800        188576.68145920691        2.3966694645519409E-008
   217.87878787878873        188324.51426931022        2.3966694645519409E-008
   218.58585858585946        188074.40357070541        2.3966694645519409E-008
   219.29292929293015        187826.25613225691        2.3966694645519409E-008
   220.00000000000088        187579.98517254429        2.3966694645519409E-008
