   998.89464798719462     
   150.00000000000000        332645.34485837002        3.0723345725693347E-006
   150.70707070707073        325324.99525971175        3.0723345725693347E-006
   151.41414141414145        318441.25441724289        3.0723345725693347E-006
   152.12121212121215        311964.56340937782        3.0723345725693347E-006
   152.82828282828288        305867.59749509068        3.0723345725693347E-006
   153.53535353535358        300125.07886256732        3.0723345725693347E-006
   154.24242424242431        294713.60645475512        3.0723345725693347E-006
   154.94949494949503        289611.50120559754        3.0723345725693347E-006
   155.65656565656573        284798.66519287025        3.0723345725693347E-006
   156.36363636363646        280256.45336698991        3.0723345725693347E-006
   157.07070707070716        275967.55665204220        3.0723345725693347E-006
   157.77777777777789        271915.89533744828        3.0723345725693347E-006
   158.48484848484861        268086.52178781142        3.0723345725693347E-006
   159.19191919191931        264465.53159600281        3.0723345725693347E-006
   159.89898989899004        261039.98239175702        3.0723345725693347E-006
   160.60606060606074        257797.81959609332        3.0723345725693347E-006
   161.31313131313146        254727.80848176297        3.0723345725693347E-006
   162.02020202020219        251819.47196254373        3.0723345725693347E-006
   162.72727272727289        249063.03359035071        3.0723345725693347E-006
   163.43434343434362        246449.36528951678        3.0723345725693347E-006
   164.14141414141432        243969.93940281964        3.0723345725693347E-006
   164.84848484848504        241616.78466448106        3.0723345725693347E-006
   165.55555555555577        239382.44575188984        3.0723345725693347E-006
   166.26262626262647        237259.94610067725        3.0723345725693347E-006
   166.96969696969720        235242.75369735321        3.0723345725693347E-006
   167.67676767676789        233324.74959037497        3.0723345725693347E-006
   168.38383838383862        231500.19888453808        3.0723345725693347E-006
   169.09090909090935        229763.72400525707        3.0723345725693347E-006
   169.79797979798005        228110.28003885993        3.0723345725693347E-006
   170.50505050505078        226535.13197268790        3.0723345725693347E-006
   171.21212121212147        225033.83367475742        3.0723345725693347E-006
   171.91919191919220        223602.20846717822        3.0723345725693347E-006
   172.62626262626293        222236.33116058609        3.0723345725693347E-006
   173.33333333333363        220932.51142867678        3.0723345725693347E-006
   174.04040404040435        219687.27841264309        3.0723345725693347E-006
   174.74747474747505        218497.36645502987        3.0723345725693347E-006
   175.45454545454578        217359.70187133830        3.0723345725693347E-006
   176.16161616161651        216271.39067569678        3.0723345725693347E-006
   176.86868686868721        215229.70718418743        3.0723345725693347E-006
   177.57575757575793        214232.08342600445        3.0723345725693347E-006
   178.28282828282863        213276.09929862552        3.0723345725693347E-006
   178.98989898989936        212359.47340862217        3.0723345725693347E-006
   179.69696969697009        211480.05454470564        3.0723345725693347E-006
   180.40404040404079        210635.81373411676        3.0723345725693347E-006
   181.11111111111151        209824.83683758765        3.0723345725693347E-006
   181.81818181818221        209045.31764184355        3.0723345725693347E-006
   182.52525252525294        208295.55141204619        3.0723345725693347E-006
   183.23232323232367        207573.92886967980        3.0723345725693347E-006
   183.93939393939436        206878.93056423636        3.0723345725693347E-006
   184.64646464646509        206209.12160965017        3.0723345725693347E-006
   185.35353535353579        205563.14675879560        3.0723345725693347E-006
   186.06060606060652        204939.72579153662        3.0723345725693347E-006
   186.76767676767724        204337.64919378370        3.0723345725693347E-006
   187.47474747474794        203755.77410683036        3.0723345725693347E-006
   188.18181818181867        203193.02052788911        3.0723345725693347E-006
   188.88888888888937        202648.36774425706        3.0723345725693347E-006
   189.59595959596010        202120.85098493384        3.0723345725693347E-006
   190.30303030303082        201609.55827476460        3.0723345725693347E-006
   191.01010101010152        201113.62747735644        3.0723345725693347E-006
   191.71717171717225        200632.24351406080        3.0723345725693347E-006
   192.42424242424295        200164.63574730410        3.0723345725693347E-006
   193.13131313131368        199710.07551742211        3.0723345725693347E-006
   193.83838383838440        199267.87382298324        3.0723345725693347E-006
   194.54545454545510        198837.37913532718        3.0723345725693347E-006
   195.25252525252583        198417.97533873265        3.0723345725693347E-006
   195.95959595959653        198009.07978826168        3.0723345725693347E-006
   196.66666666666725        197610.14147790370        3.0723345725693347E-006
   197.37373737373798        197220.63931216966        3.0723345725693347E-006
   198.08080808080868        196840.08047478562        3.0723345725693347E-006
   198.78787878787941        196467.99888856799        3.0723345725693347E-006
   199.49494949495011        196103.95376098983        3.0723345725693347E-006
   200.20202020202083        195747.52821031783        3.0723345725693347E-006
   200.90909090909156        195398.32796755407        3.0723345725693347E-006
   201.61616161616226        195055.98014972985        3.0723345725693347E-006
   202.32323232323299        194720.13210041021        3.0723345725693347E-006
   203.03030303030368        194390.45029352239        3.0723345725693347E-006
   203.73737373737441        194066.61929689793        3.0723345725693347E-006
   204.44444444444514        193748.34079212736        3.0723345725693347E-006
   205.15151515151584        193435.33264755781        3.0723345725693347E-006
   205.85858585858657        193127.32804143926        3.0723345725693347E-006
   206.56565656565726        192824.07463242204        3.0723345725693347E-006
   207.27272727272799        192525.33377481319        3.0723345725693347E-006
   207.97979797979872        192230.87977618849        3.0723345725693347E-006
   208.68686868686942        191940.49919507591        3.0723345725693347E-006
   209.39393939394014        191653.99017641257        3.0723345725693347E-006
   210.10101010101084        191371.16182242238        3.0723345725693347E-006
   210.80808080808157        191091.83359679361        3.0723345725693347E-006
   211.51515151515230        190815.83476093400        3.0723345725693347E-006
   212.22222222222300        190543.00384221287        3.0723345725693347E-006
   212.92929292929372        190273.18813370774        3.0723345725693347E-006
   213.63636363636442        190006.24322085321        3.0723345725693347E-006
   214.34343434343515        189742.03252406494        3.0723345725693347E-006
   215.05050505050588        189480.42684864512        3.0723345725693347E-006
   215.75757575757657        189221.30396075628        3.0723345725693347E-006
   216.46464646464730        188964.54825496307        3.0723345725693347E-006
   217.17171717171800        188710.05055834519        3.0723345725693347E-006
   217.87878787878873        188457.70784770724        3.0723345725693347E-006
   218.58585858585946        188207.42217225564        3.0723345725693347E-006
   219.29292929293015        187959.09894252647        3.0723345725693347E-006
   220.00000000000088        187712.65380414974        3.0723345725693347E-006
