   998.89464798719462     
   150.00000000000000        332645.34485837002        2.0174925623366985E-014
   150.70707070707073        325314.28444254224        2.0174925623366985E-014
   151.41414141414145        318420.55484519666        2.0174925623366985E-014
   152.12121212121215        311934.55586206412        2.0174925623366985E-014
   152.82828282828288        305828.92283644894        2.0174925623366985E-014
   153.53535353535358        300078.33954927634        2.0174925623366985E-014
   154.24242424242431        294659.36814011028        2.0174925623366985E-014
   154.94949494949503        289550.29440145823        2.0174925623366985E-014
   155.65656565656573        284730.98695946421        2.0174925623366985E-014
   156.36363636363646        280182.76900638826        2.0174925623366985E-014
   157.07070707070716        275888.30138616177        2.0174925623366985E-014
   157.77777777777789        271831.47595563973        2.0174925623366985E-014
   158.48484848484861        267997.31825257558        2.0174925623366985E-014
   159.19191919191931        264371.89859825984        2.0174925623366985E-014
   159.89898989899004        260942.25084946325        2.0174925623366985E-014
   160.60606060606074        257696.29809193662        2.0174925623366985E-014
   161.31313131313146        254622.78463724465        2.0174925623366985E-014
   162.02020202020219        251711.21374702500        2.0174925623366985E-014
   162.72727272727289        248951.79056466123        2.0174925623366985E-014
   163.43434343434362        246335.36978452513        2.0174925623366985E-014
   164.14141414141432        243853.40763399861        2.0174925623366985E-014
   164.84848484848504        241497.91778398195        2.0174925623366985E-014
   165.55555555555577        239261.43084000610        2.0174925623366985E-014
   166.26262626262647        237136.95709883934        2.0174925623366985E-014
   166.96969696969720        235117.95228498589        2.0174925623366985E-014
   167.67676767676789        233198.28600806263        2.0174925623366985E-014
   168.38383838383862        231372.21270601414        2.0174925623366985E-014
   169.09090909090935        229634.34486075406        2.0174925623366985E-014
   169.79797979798005        227979.62829235036        2.0174925623366985E-014
   170.50505050505078        226403.31935550843        2.0174925623366985E-014
   171.21212121212147        224900.96387805432        2.0174925623366985E-014
   171.91919191919220        223468.37769554247        2.0174925623366985E-014
   172.62626262626293        222101.62864916027        2.0174925623366985E-014
   173.33333333333363        220797.01992593170        2.0174925623366985E-014
   174.04040404040435        219551.07463092273        2.0174925623366985E-014
   174.74747474747505        218360.52149086841        2.0174925623366985E-014
   175.45454545454578        217222.28159745177        2.0174925623366985E-014
   176.16161616161651        216133.45610645498        2.0174925623366985E-014
   176.86868686868721        215091.31481627224        2.0174925623366985E-014
   177.57575757575793        214093.28555586806        2.0174925623366985E-014
   178.28282828282863        213136.94431826472        2.0174925623366985E-014
   178.98989898989936        212220.00608110105        2.0174925623366985E-014
   179.69696969697009        211340.31626076804        2.0174925623366985E-014
   180.40404040404079        210495.84275114993        2.0174925623366985E-014
   181.11111111111151        209684.66850211815        2.0174925623366985E-014
   181.81818181818221        208904.98459667622        2.0174925623366985E-014
   182.52525252525294        208155.08378907928        2.0174925623366985E-014
   183.23232323232367        207433.35446936786        2.0174925623366985E-014
   183.93939393939436        206738.27502260922        2.0174925623366985E-014
   184.64646464646509        206068.40855373139        2.0174925623366985E-014
   185.35353535353579        205422.39795121545        2.0174925623366985E-014
   186.06060606060652        204798.96126507543        2.0174925623366985E-014
   186.76767676767724        204196.88737653650        2.0174925623366985E-014
   187.47474747474794        203615.03193863569        2.0174925623366985E-014
   188.18181818181867        203052.31356861905        2.0174925623366985E-014
   188.88888888888937        202507.71027453395        2.0174925623366985E-014
   189.59595959596010        201980.25609978611        2.0174925623366985E-014
   190.30303030303082        201469.03797071608        2.0174925623366985E-014
   191.01010101010152        200973.19273339451        2.0174925623366985E-014
   191.71717171717225        200491.90436691194        2.0174925623366985E-014
   192.42424242424295        200024.40136140489        2.0174925623366985E-014
   193.13131313131368        199569.95424995414        2.0174925623366985E-014
   193.83838383838440        199127.87328431255        2.0174925623366985E-014
   194.54545454545510        198697.50624516519        2.0174925623366985E-014
   195.25252525252583        198278.23637831662        2.0174925623366985E-014
   195.95959595959653        197869.48044882761        2.0174925623366985E-014
   196.66666666666725        197470.68690571067        2.0174925623366985E-014
   197.37373737373798        197081.33415031352        2.0174925623366985E-014
   198.08080808080868        196700.92890202376        2.0174925623366985E-014
   198.78787878787941        196329.00465536540        2.0174925623366985E-014
   199.49494949495011        195965.12022297646        2.0174925623366985E-014
   200.20202020202083        195608.85835933968        2.0174925623366985E-014
   200.90909090909156        195259.82446048240        2.0174925623366985E-014
   201.61616161616226        194917.64533518880        2.0174925623366985E-014
   202.32323232323299        194581.96804356429        2.0174925623366985E-014
   203.03030303030368        194252.45879906233        2.0174925623366985E-014
   203.73737373737441        193928.80193034743        2.0174925623366985E-014
   204.44444444444514        193610.69889958500        2.0174925623366985E-014
   205.15151515151584        193297.86737398271        2.0174925623366985E-014
   205.85858585858657        192990.04034759576        2.0174925623366985E-014
   206.56565656565726        192686.96531059672        2.0174925623366985E-014
   207.27272727272799        192388.40346338984        2.0174925623366985E-014
   207.97979797979872        192094.12897309082        2.0174925623366985E-014
   208.68686868686942        191803.92827006362        2.0174925623366985E-014
   209.39393939394014        191517.59938232449        2.0174925623366985E-014
   210.10101010101084        191234.95130576155        2.0174925623366985E-014
   210.80808080808157        190955.80340823432        2.0174925623366985E-014
   211.51515151515230        190679.98486572795        2.0174925623366985E-014
   212.22222222222300        190407.33412883934        2.0174925623366985E-014
   212.92929292929372        190137.69841797464        2.0174925623366985E-014
   213.63636363636442        189870.93324572282        2.0174925623366985E-014
   214.34343434343515        189606.90196495334        2.0174925623366985E-014
   215.05050505050588        189345.47534127359        2.0174925623366985E-014
   215.75757575757657        189086.53114854786        2.0174925623366985E-014
   216.46464646464730        188829.95378623856        2.0174925623366985E-014
   217.17171717171800        188575.63391748603        2.0174925623366985E-014
   217.87878787878873        188323.46812660404        2.0174925623366985E-014
   218.58585858585946        188073.35859544607        2.0174925623366985E-014
   219.29292929293015        187825.21279680653        2.0174925623366985E-014
   220.00000000000088        187578.94320507740        2.0174925623366985E-014
