   998.89464798719462     
   150.00000000000000        332645.34485837002        1.0423461469152499E-012
   150.70707070707073        325314.28444254264        1.0423461469152499E-012
   151.41414141414145        318420.55484519736        1.0423461469152499E-012
   152.12121212121215        311934.55586206523        1.0423461469152499E-012
   152.82828282828288        305828.92283645034        1.0423461469152499E-012
   153.53535353535358        300078.33954927791        1.0423461469152499E-012
   154.24242424242431        294659.36814011208        1.0423461469152499E-012
   154.94949494949503        289550.29440146027        1.0423461469152499E-012
   155.65656565656573        284730.98695946654        1.0423461469152499E-012
   156.36363636363646        280182.76900639071        1.0423461469152499E-012
   157.07070707070716        275888.30138616438        1.0423461469152499E-012
   157.77777777777789        271831.47595564241        1.0423461469152499E-012
   158.48484848484861        267997.31825257832        1.0423461469152499E-012
   159.19191919191931        264371.89859826269        1.0423461469152499E-012
   159.89898989899004        260942.25084946619        1.0423461469152499E-012
   160.60606060606074        257696.29809193959        1.0423461469152499E-012
   161.31313131313146        254622.78463724771        1.0423461469152499E-012
   162.02020202020219        251711.21374702806        1.0423461469152499E-012
   162.72727272727289        248951.79056466429        1.0423461469152499E-012
   163.43434343434362        246335.36978452813        1.0423461469152499E-012
   164.14141414141432        243853.40763400149        1.0423461469152499E-012
   164.84848484848504        241497.91778398491        1.0423461469152499E-012
   165.55555555555577        239261.43084000895        1.0423461469152499E-012
   166.26262626262647        237136.95709884213        1.0423461469152499E-012
   166.96969696969720        235117.95228498854        1.0423461469152499E-012
   167.67676767676789        233198.28600806525        1.0423461469152499E-012
   168.38383838383862        231372.21270601667        1.0423461469152499E-012
   169.09090909090935        229634.34486075651        1.0423461469152499E-012
   169.79797979798005        227979.62829235272        1.0423461469152499E-012
   170.50505050505078        226403.31935551064        1.0423461469152499E-012
   171.21212121212147        224900.96387805650        1.0423461469152499E-012
   171.91919191919220        223468.37769554448        1.0423461469152499E-012
   172.62626262626293        222101.62864916213        1.0423461469152499E-012
   173.33333333333363        220797.01992593351        1.0423461469152499E-012
   174.04040404040435        219551.07463092444        1.0423461469152499E-012
   174.74747474747505        218360.52149087010        1.0423461469152499E-012
   175.45454545454578        217222.28159745340        1.0423461469152499E-012
   176.16161616161651        216133.45610645637        1.0423461469152499E-012
   176.86868686868721        215091.31481627360        1.0423461469152499E-012
   177.57575757575793        214093.28555586920        1.0423461469152499E-012
   178.28282828282863        213136.94431826580        1.0423461469152499E-012
   178.98989898989936        212220.00608110207        1.0423461469152499E-012
   179.69696969697009        211340.31626076906        1.0423461469152499E-012
   180.40404040404079        210495.84275115101        1.0423461469152499E-012
   181.11111111111151        209684.66850211925        1.0423461469152499E-012
   181.81818181818221        208904.98459667718        1.0423461469152499E-012
   182.52525252525294        208155.08378908018        1.0423461469152499E-012
   183.23232323232367        207433.35446936867        1.0423461469152499E-012
   183.93939393939436        206738.27502261018        1.0423461469152499E-012
   184.64646464646509        206068.40855373233        1.0423461469152499E-012
   185.35353535353579        205422.39795121638        1.0423461469152499E-012
   186.06060606060652        204798.96126507630        1.0423461469152499E-012
   186.76767676767724        204196.88737653737        1.0423461469152499E-012
   187.47474747474794        203615.03193863636        1.0423461469152499E-012
   188.18181818181867        203052.31356861984        1.0423461469152499E-012
   188.88888888888937        202507.71027453471        1.0423461469152499E-012
   189.59595959596010        201980.25609978673        1.0423461469152499E-012
   190.30303030303082        201469.03797071672        1.0423461469152499E-012
   191.01010101010152        200973.19273339500        1.0423461469152499E-012
   191.71717171717225        200491.90436691238        1.0423461469152499E-012
   192.42424242424295        200024.40136140527        1.0423461469152499E-012
   193.13131313131368        199569.95424995440        1.0423461469152499E-012
   193.83838383838440        199127.87328431278        1.0423461469152499E-012
   194.54545454545510        198697.50624516560        1.0423461469152499E-012
   195.25252525252583        198278.23637831688        1.0423461469152499E-012
   195.95959595959653        197869.48044882796        1.0423461469152499E-012
   196.66666666666725        197470.68690571058        1.0423461469152499E-012
   197.37373737373798        197081.33415031337        1.0423461469152499E-012
   198.08080808080868        196700.92890202368        1.0423461469152499E-012
   198.78787878787941        196329.00465536478        1.0423461469152499E-012
   199.49494949495011        195965.12022297547        1.0423461469152499E-012
   200.20202020202083        195608.85835933837        1.0423461469152499E-012
   200.90909090909156        195259.82446048126        1.0423461469152499E-012
   201.61616161616226        194917.64533518776        1.0423461469152499E-012
   202.32323232323299        194581.96804356307        1.0423461469152499E-012
   203.03030303030368        194252.45879906119        1.0423461469152499E-012
   203.73737373737441        193928.80193034606        1.0423461469152499E-012
   204.44444444444514        193610.69889958345        1.0423461469152499E-012
   205.15151515151584        193297.86737398096        1.0423461469152499E-012
   205.85858585858657        192990.04034759317        1.0423461469152499E-012
   206.56565656565726        192686.96531059442        1.0423461469152499E-012
   207.27272727272799        192388.40346338731        1.0423461469152499E-012
   207.97979797979872        192094.12897308799        1.0423461469152499E-012
   208.68686868686942        191803.92827006037        1.0423461469152499E-012
   209.39393939394014        191517.59938232109        1.0423461469152499E-012
   210.10101010101084        191234.95130575803        1.0423461469152499E-012
   210.80808080808157        190955.80340823130        1.0423461469152499E-012
   211.51515151515230        190679.98486572460        1.0423461469152499E-012
   212.22222222222300        190407.33412883588        1.0423461469152499E-012
   212.92929292929372        190137.69841797143        1.0423461469152499E-012
   213.63636363636442        189870.93324571828        1.0423461469152499E-012
   214.34343434343515        189606.90196494671        1.0423461469152499E-012
   215.05050505050588        189345.47534128177        1.0423461469152499E-012
   215.75757575757657        189086.53114853965        1.0423461469152499E-012
   216.46464646464730        188829.95378614415        1.0423461469152499E-012
   217.17171717171800        188575.63391781322        1.0423461469152499E-012
   217.87878787878873        188323.46812595319        1.0423461469152499E-012
   218.58585858585946        188073.35859617474        1.0423461469152499E-012
   219.29292929293015        187825.21279646523        1.0423461469152499E-012
   220.00000000000088        187578.94320473657        1.0423461469152499E-012
