   998.89464798719462     
   150.00000000000000        332645.34485837002        4.7572004761614913E-009
   150.70707070707073        325314.30099243956        4.7572004761614913E-009
   151.41414141414145        318420.58682929148        4.7572004761614913E-009
   152.12121212121215        311934.60222844488        4.7572004761614913E-009
   152.82828282828288        305828.98259487998        4.7572004761614913E-009
   153.53535353535358        300078.41176886728        4.7572004761614913E-009
   154.24242424242431        294659.45194683789        4.7572004761614913E-009
   154.94949494949503        289550.38897559833        4.7572004761614913E-009
   155.65656565656573        284731.09153298050        4.7572004761614913E-009
   156.36363636363646        280182.88286031579        4.7572004761614913E-009
   157.07070707070716        275888.42384801432        4.7572004761614913E-009
   157.77777777777789        271831.60639686376        4.7572004761614913E-009
   158.48484848484861        267997.45608606923        4.7572004761614913E-009
   159.19191919191931        264372.04327596992        4.7572004761614913E-009
   159.89898989899004        260942.40186006931        4.7572004761614913E-009
   160.60606060606074        257696.45495863009        4.7572004761614913E-009
   161.31313131313146        254622.94691560493        4.7572004761614913E-009
   162.02020202020219        251711.38102299738        4.7572004761614913E-009
   162.72727272727289        248951.96245263488        4.7572004761614913E-009
   163.43434343434362        246335.54592551233        4.7572004761614913E-009
   164.14141414141432        243853.58769391238        4.7572004761614913E-009
   164.84848484848504        241498.10145201063        4.7572004761614913E-009
   165.55555555555577        239261.61782708121        4.7572004761614913E-009
   166.26262626262647        237137.14713619402        4.7572004761614913E-009
   166.96969696969720        235118.14512280002        4.7572004761614913E-009
   167.67676767676789        233198.48141419087        4.7572004761614913E-009
   168.38383838383862        231372.41046479309        4.7572004761614913E-009
   169.09090909090935        229634.54477188480        4.7572004761614913E-009
   169.79797979798005        227979.83016985148        4.7572004761614913E-009
   170.50505050505078        226403.52302673738        4.7572004761614913E-009
   171.21212121212147        224901.16918279219        4.7572004761614913E-009
   171.91919191919220        223468.58448513760        4.7572004761614913E-009
   172.62626262626293        222101.83678573076        4.7572004761614913E-009
   173.33333333333363        220797.22928161803        4.7572004761614913E-009
   174.04040404040435        219551.28508719214        4.7572004761614913E-009
   174.74747474747505        218360.73293786577        4.7572004761614913E-009
   175.45454545454578        217222.49393339327        4.7572004761614913E-009
   176.16161616161651        216133.66923706379        4.7572004761614913E-009
   176.86868686868721        215091.52865425212        4.7572004761614913E-009
   177.57575757575793        214093.50002041267        4.7572004761614913E-009
   178.28282828282863        213137.15933460096        4.7572004761614913E-009
   178.98989898989936        212220.22158006308        4.7572004761614913E-009
   179.69696969697009        211340.53217840038        4.7572004761614913E-009
   180.40404040404079        210496.05902833911        4.7572004761614913E-009
   181.11111111111151        209684.88508424812        4.7572004761614913E-009
   181.81818181818221        208905.20143330877        4.7572004761614913E-009
   182.52525252525294        208155.30083365558        4.7572004761614913E-009
   183.23232323232367        207433.57167893229        4.7572004761614913E-009
   183.93939393939436        206738.49235754990        4.7572004761614913E-009
   184.64646464646509        206068.62597754083        4.7572004761614913E-009
   185.35353535353579        205422.61543026692        4.7572004761614913E-009
   186.06060606060652        204799.17876841500        4.7572004761614913E-009
   186.76767676767724        204197.10487569016        4.7572004761614913E-009
   187.47474747474794        203615.24940742837        4.7572004761614913E-009
   188.18181818181867        203052.53098300865        4.7572004761614913E-009
   188.88888888888937        202507.92761245437        4.7572004761614913E-009
   189.59595959596010        201980.47334100385        4.7572004761614913E-009
   190.30303030303082        201469.25509669419        4.7572004761614913E-009
   191.01010101010152        200973.40972716871        4.7572004761614913E-009
   191.71717171717225        200492.12121297419        4.7572004761614913E-009
   192.42424242424295        200024.61804559460        4.7572004761614913E-009
   193.13131313131368        199570.17075935821        4.7572004761614913E-009
   193.83838383838440        199128.08960717160        4.7572004761614913E-009
   194.54545454545510        198697.72237078738        4.7572004761614913E-009
   195.25252525252583        198278.45229699591        4.7572004761614913E-009
   195.95959595959653        197869.69615177065        4.7572004761614913E-009
   196.66666666666725        197470.90238496551        4.7572004761614913E-009
   197.37373737373798        197081.54939870600        4.7572004761614913E-009
   198.08080808080868        196701.14391309695        4.7572004761614913E-009
   198.78787878787941        196329.21942332436        4.7572004761614913E-009
   199.49494949495011        195965.33474263581        4.7572004761614913E-009
   200.20202020202083        195609.07262607670        4.7572004761614913E-009
   200.90909090909156        195260.03847019200        4.7572004761614913E-009
   201.61616161616226        194917.85908424258        4.7572004761614913E-009
   202.32323232323299        194582.18152877042        4.7572004761614913E-009
   203.03030303030368        194252.67201763246        4.7572004761614913E-009
   203.73737373737441        193929.01487986260        4.7572004761614913E-009
   204.44444444444514        193610.91157796525        4.7572004761614913E-009
   205.15151515151584        193298.07977945855        4.7572004761614913E-009
   205.85858585858657        192990.25247868270        4.7572004761614913E-009
   206.56565656565726        192687.17716607123        4.7572004761614913E-009
   207.27272727272799        192388.61504226414        4.7572004761614913E-009
   207.97979797979872        192094.34027459519        4.7572004761614913E-009
   208.68686868686942        191804.13929362901        4.7572004761614913E-009
   209.39393939394014        191517.81012756613        4.7572004761614913E-009
   210.10101010101084        191235.16177244970        4.7572004761614913E-009
   210.80808080808157        190956.01359625990        4.7572004761614913E-009
   211.51515151515230        190680.19477512498        4.7572004761614913E-009
   212.22222222222300        190407.54375989328        4.7572004761614913E-009
   212.92929292929372        190137.90777117450        4.7572004761614913E-009
   213.63636363636442        189871.14232118436        4.7572004761614913E-009
   214.34343434343515        189607.11076201632        4.7572004761614913E-009
   215.05050505050588        189345.68386076370        4.7572004761614913E-009
   215.75757575757657        189086.73939652686        4.7572004761614913E-009
   216.46464646464730        188830.16176504560        4.7572004761614913E-009
   217.17171717171800        188575.84160070322        4.7572004761614913E-009
   217.87878787878873        188323.67550838445        4.7572004761614913E-009
   218.58585858585946        188073.56584753920        4.7572004761614913E-009
   219.29292929293015        187825.41961083148        4.7572004761614913E-009
   220.00000000000088        187579.14974793533        4.7572004761614913E-009
