   998.89464798719462     
   150.00000000000000        332645.34485837002        1.0450117161772799E-006
   150.70707070707073        325317.92625899584        1.0450117161772799E-006
   151.41414141414145        318427.59296757961        1.0450117161772799E-006
   152.12121212121215        311944.75881649886        1.0450117161772799E-006
   152.82828282828288        305842.07272090216        1.0450117161772799E-006
   153.53535353535358        300094.23152068030        1.0450117161772799E-006
   154.24242424242431        294677.80986902420        1.0450117161772799E-006
   154.94949494949503        289571.10550698423        1.0450117161772799E-006
   155.65656565656573        284753.99843469210        1.0450117161772799E-006
   156.36363636363646        280207.82264259196        1.0450117161772799E-006
   157.07070707070716        275915.24920225720        1.0450117161772799E-006
   157.77777777777789        271860.17963798309        1.0450117161772799E-006
   158.48484848484861        268027.64860899915        1.0450117161772799E-006
   159.19191919191931        264403.73502926051        1.0450117161772799E-006
   159.89898989899004        260975.48083865319        1.0450117161772799E-006
   160.60606060606074        257730.81671720842        1.0450117161772799E-006
   161.31313131313146        254658.49410356558        1.0450117161772799E-006
   162.02020202020219        251748.02294134424        1.0450117161772799E-006
   162.72727272727289        248989.61463306693        1.0450117161772799E-006
   163.43434343434362        246374.12973151519        1.0450117161772799E-006
   164.14141414141432        243893.02994351415        1.0450117161772799E-006
   164.84848484848504        241538.33406168834        1.0450117161772799E-006
   165.55555555555577        239302.57747618237        1.0450117161772799E-006
   166.26262626262647        237178.77495114808        1.0450117161772799E-006
   166.96969696969720        235160.38638033028        1.0450117161772799E-006
   167.67676767676789        233241.28526269953        1.0450117161772799E-006
   168.38383838383862        231415.72966306808        1.0450117161772799E-006
   169.09090909090935        229678.33544426828        1.0450117161772799E-006
   169.79797979798005        228024.05157701645        1.0450117161772799E-006
   170.50505050505078        226448.13735122580        1.0450117161772799E-006
   171.21212121212147        224946.14132849136        1.0450117161772799E-006
   171.91919191919220        223513.88188989315        1.0450117161772799E-006
   172.62626262626293        222147.42924632138        1.0450117161772799E-006
   173.33333333333363        220843.08879035237        1.0450117161772799E-006
   174.04040404040435        219597.38567941304        1.0450117161772799E-006
   174.74747474747505        218407.05054968668        1.0450117161772799E-006
   175.45454545454578        217269.00626902201        1.0450117161772799E-006
   176.16161616161651        216180.35564510187        1.0450117161772799E-006
   176.86868686868721        215138.37001239273        1.0450117161772799E-006
   177.57575757575793        214140.47862799169        1.0450117161772799E-006
   178.28282828282863        213184.25881248637        1.0450117161772799E-006
   178.98989898989936        212267.42677739949        1.0450117161772799E-006
   179.69696969697009        211387.82908575464        1.0450117161772799E-006
   180.40404040404079        210543.43469681818        1.0450117161772799E-006
   181.11111111111151        209732.32755019143        1.0450117161772799E-006
   181.81818181818221        208952.69964817824        1.0450117161772799E-006
   182.52525252525294        208202.84459877503        1.0450117161772799E-006
   183.23232323232367        207481.15158474294        1.0450117161772799E-006
   183.93939393939436        206786.09972708172        1.0450117161772799E-006
   184.64646464646509        206116.25281380728        1.0450117161772799E-006
   185.35353535353579        205470.25436731891        1.0450117161772799E-006
   186.06060606060652        204846.82302580174        1.0450117161772799E-006
   186.76767676767724        204244.74821609515        1.0450117161772799E-006
   187.47474747474794        203662.88609726215        1.0450117161772799E-006
   188.18181818181867        203100.15575575549        1.0450117161772799E-006
   188.88888888888937        202555.53563458400        1.0450117161772799E-006
   189.59595959596010        202028.06018027087        1.0450117161772799E-006
   190.30303030303082        201516.81669266202        1.0450117161772799E-006
   191.01010101010152        201020.94236380360        1.0450117161772799E-006
   191.71717171717225        200539.62149316745        1.0450117161772799E-006
   192.42424242424295        200072.08286747971        1.0450117161772799E-006
   193.13131313131368        199617.59729429847        1.0450117161772799E-006
   193.83838383838440        199175.47527930347        1.0450117161772799E-006
   194.54545454545510        198745.06483801120        1.0450117161772799E-006
   195.25252525252583        198325.74943331553        1.0450117161772799E-006
   195.95959595959653        197916.94603088594        1.0450117161772799E-006
   196.66666666666725        197518.10326503342        1.0450117161772799E-006
   197.37373737373798        197128.69970818824        1.0450117161772799E-006
   198.08080808080868        196748.24223761857        1.0450117161772799E-006
   198.78787878787941        196376.26449347386        1.0450117161772799E-006
   199.49494949495011        196012.32542264072        1.0450117161772799E-006
   200.20202020202083        195656.00790329336        1.0450117161772799E-006
   200.90909090909156        195306.91744535477        1.0450117161772799E-006
   201.61616161616226        194964.68096241730        1.0450117161772799E-006
   202.32323232323299        194628.94561096636        1.0450117161772799E-006
   203.03030303030368        194299.37769302097        1.0450117161772799E-006
   203.73737373737441        193975.66161856509        1.0450117161772799E-006
   204.44444444444514        193657.49892436844        1.0450117161772799E-006
   205.15151515151584        193344.60734602512        1.0450117161772799E-006
   205.85858585858657        193036.71994022213        1.0450117161772799E-006
   206.56565656565726        192733.58425443323        1.0450117161772799E-006
   207.27272727272799        192434.96154140632        1.0450117161772799E-006
   207.97979797979872        192140.62601599211        1.0450117161772799E-006
   208.68686868686942        191850.36415205034        1.0450117161772799E-006
   209.39393939394014        191563.97401729538        1.0450117161772799E-006
   210.10101010101084        191281.26464392286        1.0450117161772799E-006
   210.80808080808157        191002.05543276871        1.0450117161772799E-006
   211.51515151515230        190726.17558901501        1.0450117161772799E-006
   212.22222222222300        190453.46358842385        1.0450117161772799E-006
   212.92929292929372        190183.76667427225        1.0450117161772799E-006
   213.63636363636442        189916.94038411998        1.0450117161772799E-006
   214.34343434343515        189652.84809983496        1.0450117161772799E-006
   215.05050505050588        189391.36060810555        1.0450117161772799E-006
   215.75757575757657        189132.35566981457        1.0450117161772799E-006
   216.46464646464730        188875.71764330033        1.0450117161772799E-006
   217.17171717171800        188621.33724343625        1.0450117161772799E-006
   217.87878787878873        188369.11134878660        1.0450117161772799E-006
   218.58585858585946        188118.94220733628        1.0450117161772799E-006
   219.29292929293015        187870.73563268443        1.0450117161772799E-006
   220.00000000000088        187624.40635306764        1.0450117161772799E-006
