   998.89464798719462     
   150.00000000000000        332645.34485837002        2.7798771615160489E-015
   150.70707070707073        325314.28444254218        2.7798771615160489E-015
   151.41414141414145        318420.55484519654        2.7798771615160489E-015
   152.12121212121215        311934.55586206401        2.7798771615160489E-015
   152.82828282828288        305828.92283644876        2.7798771615160489E-015
   153.53535353535358        300078.33954927605        2.7798771615160489E-015
   154.24242424242431        294659.36814010993        2.7798771615160489E-015
   154.94949494949503        289550.29440145788        2.7798771615160489E-015
   155.65656565656573        284730.98695946386        2.7798771615160489E-015
   156.36363636363646        280182.76900638780        2.7798771615160489E-015
   157.07070707070716        275888.30138616136        2.7798771615160489E-015
   157.77777777777789        271831.47595563933        2.7798771615160489E-015
   158.48484848484861        267997.31825257518        2.7798771615160489E-015
   159.19191919191931        264371.89859825943        2.7798771615160489E-015
   159.89898989899004        260942.25084946284        2.7798771615160489E-015
   160.60606060606074        257696.29809193627        2.7798771615160489E-015
   161.31313131313146        254622.78463724436        2.7798771615160489E-015
   162.02020202020219        251711.21374702474        2.7798771615160489E-015
   162.72727272727289        248951.79056466106        2.7798771615160489E-015
   163.43434343434362        246335.36978452498        2.7798771615160489E-015
   164.14141414141432        243853.40763399849        2.7798771615160489E-015
   164.84848484848504        241497.91778398197        2.7798771615160489E-015
   165.55555555555577        239261.43084000610        2.7798771615160489E-015
   166.26262626262647        237136.95709883943        2.7798771615160489E-015
   166.96969696969720        235117.95228498592        2.7798771615160489E-015
   167.67676767676789        233198.28600806277        2.7798771615160489E-015
   168.38383838383862        231372.21270601446        2.7798771615160489E-015
   169.09090909090935        229634.34486075441        2.7798771615160489E-015
   169.79797979798005        227979.62829235074        2.7798771615160489E-015
   170.50505050505078        226403.31935550884        2.7798771615160489E-015
   171.21212121212147        224900.96387805484        2.7798771615160489E-015
   171.91919191919220        223468.37769554299        2.7798771615160489E-015
   172.62626262626293        222101.62864916096        2.7798771615160489E-015
   173.33333333333363        220797.01992593257        2.7798771615160489E-015
   174.04040404040435        219551.07463092374        2.7798771615160489E-015
   174.74747474747505        218360.52149086967        2.7798771615160489E-015
   175.45454545454578        217222.28159745308        2.7798771615160489E-015
   176.16161616161651        216133.45610645635        2.7798771615160489E-015
   176.86868686868721        215091.31481627375        2.7798771615160489E-015
   177.57575757575793        214093.28555586960        2.7798771615160489E-015
   178.28282828282863        213136.94431826629        2.7798771615160489E-015
   178.98989898989936        212220.00608110279        2.7798771615160489E-015
   179.69696969697009        211340.31626076979        2.7798771615160489E-015
   180.40404040404079        210495.84275115185        2.7798771615160489E-015
   181.11111111111151        209684.66850212013        2.7798771615160489E-015
   181.81818181818221        208904.98459667838        2.7798771615160489E-015
   182.52525252525294        208155.08378908152        2.7798771615160489E-015
   183.23232323232367        207433.35446937036        2.7798771615160489E-015
   183.93939393939436        206738.27502261190        2.7798771615160489E-015
   184.64646464646509        206068.40855373422        2.7798771615160489E-015
   185.35353535353579        205422.39795121845        2.7798771615160489E-015
   186.06060606060652        204798.96126507834        2.7798771615160489E-015
   186.76767676767724        204196.88737653970        2.7798771615160489E-015
   187.47474747474794        203615.03193863886        2.7798771615160489E-015
   188.18181818181867        203052.31356862257        2.7798771615160489E-015
   188.88888888888937        202507.71027453741        2.7798771615160489E-015
   189.59595959596010        201980.25609978978        2.7798771615160489E-015
   190.30303030303082        201469.03797071971        2.7798771615160489E-015
   191.01010101010152        200973.19273339823        2.7798771615160489E-015
   191.71717171717225        200491.90436691573        2.7798771615160489E-015
   192.42424242424295        200024.40136140879        2.7798771615160489E-015
   193.13131313131368        199569.95424995819        2.7798771615160489E-015
   193.83838383838440        199127.87328431656        2.7798771615160489E-015
   194.54545454545510        198697.50624516953        2.7798771615160489E-015
   195.25252525252583        198278.23637832073        2.7798771615160489E-015
   195.95959595959653        197869.48044883189        2.7798771615160489E-015
   196.66666666666725        197470.68690571509        2.7798771615160489E-015
   197.37373737373798        197081.33415031811        2.7798771615160489E-015
   198.08080808080868        196700.92890202836        2.7798771615160489E-015
   198.78787878787941        196329.00465536973        2.7798771615160489E-015
   199.49494949495011        195965.12022298036        2.7798771615160489E-015
   200.20202020202083        195608.85835934395        2.7798771615160489E-015
   200.90909090909156        195259.82446048682        2.7798771615160489E-015
   201.61616161616226        194917.64533519364        2.7798771615160489E-015
   202.32323232323299        194581.96804356889        2.7798771615160489E-015
   203.03030303030368        194252.45879906681        2.7798771615160489E-015
   203.73737373737441        193928.80193035171        2.7798771615160489E-015
   204.44444444444514        193610.69889958930        2.7798771615160489E-015
   205.15151515151584        193297.86737398669        2.7798771615160489E-015
   205.85858585858657        192990.04034759931        2.7798771615160489E-015
   206.56565656565726        192686.96531060030        2.7798771615160489E-015
   207.27272727272799        192388.40346339333        2.7798771615160489E-015
   207.97979797979872        192094.12897309399        2.7798771615160489E-015
   208.68686868686942        191803.92827006688        2.7798771615160489E-015
   209.39393939394014        191517.59938232743        2.7798771615160489E-015
   210.10101010101084        191234.95130576470        2.7798771615160489E-015
   210.80808080808157        190955.80340823764        2.7798771615160489E-015
   211.51515151515230        190679.98486573101        2.7798771615160489E-015
   212.22222222222300        190407.33412884222        2.7798771615160489E-015
   212.92929292929372        190137.69841797769        2.7798771615160489E-015
   213.63636363636442        189870.93324572561        2.7798771615160489E-015
   214.34343434343515        189606.90196495608        2.7798771615160489E-015
   215.05050505050588        189345.47534127650        2.7798771615160489E-015
   215.75757575757657        189086.53114854873        2.7798771615160489E-015
   216.46464646464730        188829.95378624566        2.7798771615160489E-015
   217.17171717171800        188575.63391748071        2.7798771615160489E-015
   217.87878787878873        188323.46812662037        2.7798771615160489E-015
   218.58585858585946        188073.35859543661        2.7798771615160489E-015
   219.29292929293015        187825.21279681547        2.7798771615160489E-015
   220.00000000000088        187578.94320508634        2.7798771615160489E-015
