   998.89464798719462     
   150.00000000000000        332645.34485837002        3.0724211314554946E-015
   150.70707070707073        325314.28444253159        3.0724211314554946E-015
   151.41414141414145        318420.55484517600        3.0724211314554946E-015
   152.12121212121215        311934.55586203415        3.0724211314554946E-015
   152.82828282828288        305828.92283641029        3.0724211314554946E-015
   153.53535353535358        300078.33954922942        3.0724211314554946E-015
   154.24242424242431        294659.36814005586        3.0724211314554946E-015
   154.94949494949503        289550.29440139688        3.0724211314554946E-015
   155.65656565656573        284730.98695939640        3.0724211314554946E-015
   156.36363636363646        280182.76900631434        3.0724211314554946E-015
   157.07070707070716        275888.30138608237        3.0724211314554946E-015
   157.77777777777789        271831.47595555522        3.0724211314554946E-015
   158.48484848484861        267997.31825248623        3.0724211314554946E-015
   159.19191919191931        264371.89859816601        3.0724211314554946E-015
   159.89898989899004        260942.25084936540        3.0724211314554946E-015
   160.60606060606074        257696.29809183499        3.0724211314554946E-015
   161.31313131313146        254622.78463713947        3.0724211314554946E-015
   162.02020202020219        251711.21374691662        3.0724211314554946E-015
   162.72727272727289        248951.79056454988        3.0724211314554946E-015
   163.43434343434362        246335.36978441098        3.0724211314554946E-015
   164.14141414141432        243853.40763388199        3.0724211314554946E-015
   164.84848484848504        241497.91778386306        3.0724211314554946E-015
   165.55555555555577        239261.43083988503        3.0724211314554946E-015
   166.26262626262647        237136.95709871635        3.0724211314554946E-015
   166.96969696969720        235117.95228486106        3.0724211314554946E-015
   167.67676767676789        233198.28600793623        3.0724211314554946E-015
   168.38383838383862        231372.21270588620        3.0724211314554946E-015
   169.09090909090935        229634.34486062490        3.0724211314554946E-015
   169.79797979798005        227979.62829222003        3.0724211314554946E-015
   170.50505050505078        226403.31935537697        3.0724211314554946E-015
   171.21212121212147        224900.96387792192        3.0724211314554946E-015
   171.91919191919220        223468.37769540903        3.0724211314554946E-015
   172.62626262626293        222101.62864902592        3.0724211314554946E-015
   173.33333333333363        220797.01992579669        3.0724211314554946E-015
   174.04040404040435        219551.07463078704        3.0724211314554946E-015
   174.74747474747505        218360.52149073232        3.0724211314554946E-015
   175.45454545454578        217222.28159731528        3.0724211314554946E-015
   176.16161616161651        216133.45610631793        3.0724211314554946E-015
   176.86868686868721        215091.31481613481        3.0724211314554946E-015
   177.57575757575793        214093.28555573040        3.0724211314554946E-015
   178.28282828282863        213136.94431812677        3.0724211314554946E-015
   178.98989898989936        212220.00608096292        3.0724211314554946E-015
   179.69696969697009        211340.31626062974        3.0724211314554946E-015
   180.40404040404079        210495.84275101143        3.0724211314554946E-015
   181.11111111111151        209684.66850197958        3.0724211314554946E-015
   181.81818181818221        208904.98459653763        3.0724211314554946E-015
   182.52525252525294        208155.08378894057        3.0724211314554946E-015
   183.23232323232367        207433.35446922932        3.0724211314554946E-015
   183.93939393939436        206738.27502247063        3.0724211314554946E-015
   184.64646464646509        206068.40855359283        3.0724211314554946E-015
   185.35353535353579        205422.39795107700        3.0724211314554946E-015
   186.06060606060652        204798.96126493710        3.0724211314554946E-015
   186.76767676767724        204196.88737639834        3.0724211314554946E-015
   187.47474747474794        203615.03193849736        3.0724211314554946E-015
   188.18181818181867        203052.31356848110        3.0724211314554946E-015
   188.88888888888937        202507.71027439611        3.0724211314554946E-015
   189.59595959596010        201980.25609964848        3.0724211314554946E-015
   190.30303030303082        201469.03797057850        3.0724211314554946E-015
   191.01010101010152        200973.19273325696        3.0724211314554946E-015
   191.71717171717225        200491.90436677463        3.0724211314554946E-015
   192.42424242424295        200024.40136126778        3.0724211314554946E-015
   193.13131313131368        199569.95424981712        3.0724211314554946E-015
   193.83838383838440        199127.87328417558        3.0724211314554946E-015
   194.54545454545510        198697.50624502858        3.0724211314554946E-015
   195.25252525252583        198278.23637817978        3.0724211314554946E-015
   195.95959595959653        197869.48044869088        3.0724211314554946E-015
   196.66666666666725        197470.68690557426        3.0724211314554946E-015
   197.37373737373798        197081.33415017725        3.0724211314554946E-015
   198.08080808080868        196700.92890188767        3.0724211314554946E-015
   198.78787878787941        196329.00465522928        3.0724211314554946E-015
   199.49494949495011        195965.12022284046        3.0724211314554946E-015
   200.20202020202083        195608.85835920394        3.0724211314554946E-015
   200.90909090909156        195259.82446034663        3.0724211314554946E-015
   201.61616161616226        194917.64533505341        3.0724211314554946E-015
   202.32323232323299        194581.96804342885        3.0724211314554946E-015
   203.03030303030368        194252.45879892708        3.0724211314554946E-015
   203.73737373737441        193928.80193021236        3.0724211314554946E-015
   204.44444444444514        193610.69889945001        3.0724211314554946E-015
   205.15151515151584        193297.86737384778        3.0724211314554946E-015
   205.85858585858657        192990.04034746045        3.0724211314554946E-015
   206.56565656565726        192686.96531046199        3.0724211314554946E-015
   207.27272727272799        192388.40346325497        3.0724211314554946E-015
   207.97979797979872        192094.12897295601        3.0724211314554946E-015
   208.68686868686942        191803.92826992870        3.0724211314554946E-015
   209.39393939394014        191517.59938218939        3.0724211314554946E-015
   210.10101010101084        191234.95130562616        3.0724211314554946E-015
   210.80808080808157        190955.80340809913        3.0724211314554946E-015
   211.51515151515230        190679.98486559276        3.0724211314554946E-015
   212.22222222222300        190407.33412870427        3.0724211314554946E-015
   212.92929292929372        190137.69841783965        3.0724211314554946E-015
   213.63636363636442        189870.93324558751        3.0724211314554946E-015
   214.34343434343515        189606.90196481848        3.0724211314554946E-015
   215.05050505050588        189345.47534113916        3.0724211314554946E-015
   215.75757575757657        189086.53114841160        3.0724211314554946E-015
   216.46464646464730        188829.95378610850        3.0724211314554946E-015
   217.17171717171800        188575.63391734337        3.0724211314554946E-015
   217.87878787878873        188323.46812648326        3.0724211314554946E-015
   218.58585858585946        188073.35859530012        3.0724211314554946E-015
   219.29292929293015        187825.21279667920        3.0724211314554946E-015
   220.00000000000088        187578.94320495025        3.0724211314554946E-015
