   998.89464798719462     
   150.00000000000000        332645.34485837002        2.0081112349044924E-004
   150.70707070707073        324637.60870194010        2.0081112349044924E-004
   151.41414141414145        317112.82098858466        2.0081112349044924E-004
   152.12121212121215        310038.77340393810        2.0081112349044924E-004
   152.82828282828288        303385.57954482496        2.0081112349044924E-004
   153.53535353535358        297125.49674224469        2.0081112349044924E-004
   154.24242424242431        291232.76201375155        2.0081112349044924E-004
   154.94949494949503        285683.44102646474        2.0081112349044924E-004
   155.65656565656573        280455.28903764277        2.0081112349044924E-004
   156.36363636363646        275527.62285909255        2.0081112349044924E-004
   157.07070707070716        270881.20296522789        2.0081112349044924E-004
   157.77777777777789        266498.12493279309        2.0081112349044924E-004
   158.48484848484861        262361.71946353535        2.0081112349044924E-004
   159.19191919191931        258456.46029977471        2.0081112349044924E-004
   159.89898989899004        254767.87939719250        2.0081112349044924E-004
   160.60606060606074        251282.48876953180        2.0081112349044924E-004
   161.31313131313146        247987.70846651282        2.0081112349044924E-004
   162.02020202020219        244871.80018938886        2.0081112349044924E-004
   162.72727272727289        241923.80608839984        2.0081112349044924E-004
   163.43434343434362        239133.49232317670        2.0081112349044924E-004
   164.14141414141432        236491.29700108050        2.0081112349044924E-004
   164.84848484848504        233988.28213975276        2.0081112349044924E-004
   165.55555555555577        231616.08932898002        2.0081112349044924E-004
   166.26262626262647        229366.89879351109        2.0081112349044924E-004
   166.96969696969720        227233.39158288349        2.0081112349044924E-004
   167.67676767676789        225208.71463677392        2.0081112349044924E-004
   168.38383838383862        223286.44849502016        2.0081112349044924E-004
   169.09090909090935        221460.57744042843        2.0081112349044924E-004
   169.79797979798005        219725.46187989347        2.0081112349044924E-004
   170.50505050505078        218075.81278534111        2.0081112349044924E-004
   171.21212121212147        216506.66803068219        2.0081112349044924E-004
   171.91919191919220        215013.37047442509        2.0081112349044924E-004
   172.62626262626293        213591.54764994496        2.0081112349044924E-004
   173.33333333333363        212237.09293673717        2.0081112349044924E-004
   174.04040404040435        210946.14809636789        2.0081112349044924E-004
   174.74747474747505        209715.08706636354        2.0081112349044924E-004
   175.45454545454578        208540.50091401045        2.0081112349044924E-004
   176.16161616161651        207419.18386004795        2.0081112349044924E-004
   176.86868686868721        206348.12028957644        2.0081112349044924E-004
   177.57575757575793        205324.47267423183        2.0081112349044924E-004
   178.28282828282863        204345.57033585347        2.0081112349044924E-004
   178.98989898989936        203408.89898752037        2.0081112349044924E-004
   179.69696969697009        202512.09099302880        2.0081112349044924E-004
   180.40404040404079        201652.91629062986        2.0081112349044924E-004
   181.11111111111151        200829.27393121264        2.0081112349044924E-004
   181.81818181818221        200039.18418511530        2.0081112349044924E-004
   182.52525252525294        199280.78117541378        2.0081112349044924E-004
   183.23232323232367        198552.30599890099        2.0081112349044924E-004
   183.93939393939436        197852.10029905752        2.0081112349044924E-004
   184.64646464646509        197178.60025813736        2.0081112349044924E-004
   185.35353535353579        196530.33097810051        2.0081112349044924E-004
   186.06060606060652        195905.90122249431        2.0081112349044924E-004
   186.76767676767724        195303.99849357837        2.0081112349044924E-004
   187.47474747474794        194723.38442099554        2.0081112349044924E-004
   188.18181818181867        194162.89044012566        2.0081112349044924E-004
   188.88888888888937        193621.41373995561        2.0081112349044924E-004
   189.59595959596010        193097.91346185055        2.0081112349044924E-004
   190.30303030303082        192591.40713203110        2.0081112349044924E-004
   191.01010101010152        192100.96731187651        2.0081112349044924E-004
   191.71717171717225        191625.71845137200        2.0081112349044924E-004
   192.42424242424295        191164.83393212198        2.0081112349044924E-004
   193.13131313131368        190717.53328737302        2.0081112349044924E-004
   193.83838383838440        190283.07958741012        2.0081112349044924E-004
   194.54545454545510        189860.77697956003        2.0081112349044924E-004
   195.25252525252583        189449.96837281832        2.0081112349044924E-004
   195.95959595959653        189050.03325783677        2.0081112349044924E-004
   196.66666666666725        188660.38565368814        2.0081112349044924E-004
   197.37373737373798        188280.47217342642        2.0081112349044924E-004
   198.08080808080868        187909.77020102856        2.0081112349044924E-004
   198.78787878787941        187547.78617283390        2.0081112349044924E-004
   199.49494949495011        187194.05395706411        2.0081112349044924E-004
   200.20202020202083        186848.13332545522        2.0081112349044924E-004
   200.90909090909156        186509.60851144121        2.0081112349044924E-004
   201.61616161616226        186178.08684970366        2.0081112349044924E-004
   202.32323232323299        185853.19749224963        2.0081112349044924E-004
   203.03030303030368        185534.59019649628        2.0081112349044924E-004
   203.73737373737441        185221.93418114851        2.0081112349044924E-004
   204.44444444444514        184914.91704591495        2.0081112349044924E-004
   205.15151515151584        184613.24375137454        2.0081112349044924E-004
   205.85858585858657        184316.63565553306        2.0081112349044924E-004
   206.56565656565726        184024.82960382881        2.0081112349044924E-004
   207.27272727272799        183737.57706955029        2.0081112349044924E-004
   207.97979797979872        183454.64334180931        2.0081112349044924E-004
   208.68686868686942        183175.80675840375        2.0081112349044924E-004
   209.39393939394014        182900.85798104061        2.0081112349044924E-004
   210.10101010101084        182629.59931056484        2.0081112349044924E-004
   210.80808080808157        182361.84403996402        2.0081112349044924E-004
   211.51515151515230        182097.41584305951        2.0081112349044924E-004
   212.22222222222300        181836.14819690670        2.0081112349044924E-004
   212.92929292929372        181577.88383605352        2.0081112349044924E-004
   213.63636363636442        181322.47423689792        2.0081112349044924E-004
   214.34343434343515        181069.77913050077        2.0081112349044924E-004
   215.05050505050588        180819.66604229025        2.0081112349044924E-004
   215.75757575757657        180572.00985718783        2.0081112349044924E-004
   216.46464646464730        180326.69240876794        2.0081112349044924E-004
   217.17171717171800        180083.60209114014        2.0081112349044924E-004
   217.87878787878873        179842.63349230911        2.0081112349044924E-004
   218.58585858585946        179603.68704785011        2.0081112349044924E-004
   219.29292929293015        179366.66871378102        2.0081112349044924E-004
   220.00000000000088        179131.48965759255        2.0081112349044924E-004
