   998.89464798719462     
   150.00000000000000        332645.34485837002        1.7497609667380144E-007
   150.70707070707073        325313.67476385075        1.7497609667380144E-007
   151.41414141414145        318419.37658887880        1.7497609667380144E-007
   152.12121212121215        311932.84777930152        1.7497609667380144E-007
   152.82828282828288        305826.72140635242        1.7497609667380144E-007
   153.53535353535358        300075.67906474747        1.7497609667380144E-007
   154.24242424242431        294656.28079913708        1.7497609667380144E-007
   154.94949494949503        289546.81040171569        1.7497609667380144E-007
   155.65656565656573        284727.13459450129        1.7497609667380144E-007
   156.36363636363646        280178.57476202323        1.7497609667380144E-007
   157.07070707070716        275883.79003599740        1.7497609667380144E-007
   157.77777777777789        271826.67065484659        1.7497609667380144E-007
   158.48484848484861        267992.24062929233        1.7497609667380144E-007
   159.19191919191931        264366.56884212221        1.7497609667380144E-007
   159.89898989899004        260936.68779690762        1.7497609667380144E-007
   160.60606060606074        257690.51930803631        1.7497609667380144E-007
   161.31313131313146        254616.80649392528        1.7497609667380144E-007
   162.02020202020219        251705.05149757734        1.7497609667380144E-007
   162.72727272727289        248945.45841452997        1.7497609667380144E-007
   163.43434343434362        246328.88095839490        1.7497609667380144E-007
   164.14141414141432        243846.77443923720        1.7497609667380144E-007
   164.84848484848504        241491.15167052636        1.7497609667380144E-007
   165.55555555555577        239254.54245679796        1.7497609667380144E-007
   166.26262626262647        237129.95634693312        1.7497609667380144E-007
   166.96969696969720        235110.84836746089        1.7497609667380144E-007
   167.67676767676789        233191.08747687921        1.7497609667380144E-007
   168.38383838383862        231364.92750595658        1.7497609667380144E-007
   169.09090909090935        229626.98037060493        1.7497609667380144E-007
   169.79797979798005        227972.19136344022        1.7497609667380144E-007
   170.50505050505078        226395.81634778279        1.7497609667380144E-007
   171.21212121212147        224893.40069379727        1.7497609667380144E-007
   171.91919191919220        223460.75981088943        1.7497609667380144E-007
   172.62626262626293        222093.96114353390        1.7497609667380144E-007
   173.33333333333363        220789.30750952163        1.7497609667380144E-007
   174.04040404040435        219543.32167033129        1.7497609667380144E-007
   174.74747474747505        218352.73203303659        1.7497609667380144E-007
   175.45454545454578        217214.45939197109        1.7497609667380144E-007
   176.16161616161651        216125.60462637147        1.7497609667380144E-007
   176.86868686868721        215083.43727747718        1.7497609667380144E-007
   177.57575757575793        214085.38493516820        1.7497609667380144E-007
   178.28282828282863        213129.02337021829        1.7497609667380144E-007
   178.98989898989936        212212.06735370104        1.7497609667380144E-007
   179.69696969697009        211332.36211004877        1.7497609667380144E-007
   180.40404040404079        210487.87535478975        1.7497609667380144E-007
   181.11111111111151        209676.68987210409        1.7497609667380144E-007
   181.81818181818221        208896.99659109462        1.7497609667380144E-007
   182.52525252525294        208147.08812309091        1.7497609667380144E-007
   183.23232323232367        207425.35272542422        1.7497609667380144E-007
   183.93939393939436        206730.26865995827        1.7497609667380144E-007
   184.64646464646509        206060.39891726541        1.7497609667380144E-007
   185.35353535353579        205414.38627970155        1.7497609667380144E-007
   186.06060606060652        204790.94869881505        1.7497609667380144E-007
   186.76767676767724        204188.87496448963        1.7497609667380144E-007
   187.47474747474794        203607.02064504763        1.7497609667380144E-007
   188.18181818181867        203044.30427918577        1.7497609667380144E-007
   188.88888888888937        202499.70380213333        1.7497609667380144E-007
   189.59595959596010        201972.25318981090        1.7497609667380144E-007
   190.30303030303082        201461.03930602939        1.7497609667380144E-007
   191.01010101010152        200965.19893893943        1.7497609667380144E-007
   191.71717171717225        200483.91601399696        1.7497609667380144E-007
   192.42424242424295        200016.41897168616        1.7497609667380144E-007
   193.13131313131368        199561.97829913715        1.7497609667380144E-007
   193.83838383838440        199119.90420559276        1.7497609667380144E-007
   194.54545454545510        198689.54443242474        1.7497609667380144E-007
   195.25252525252583        198270.28218909467        1.7497609667380144E-007
   195.95959595959653        197861.53420707933        1.7497609667380144E-007
   196.66666666666725        197462.74890437030        1.7497609667380144E-007
   197.37373737373798        197073.40465367443        1.7497609667380144E-007
   198.08080808080868        196693.00814794819        1.7497609667380144E-007
   198.78787878787941        196321.09285733622        1.7497609667380144E-007
   199.49494949495011        195957.21757200215        1.7497609667380144E-007
   200.20202020202083        195600.96502572141        1.7497609667380144E-007
   200.90909090909156        195251.94059545407        1.7497609667380144E-007
   201.61616161616226        194909.77107243863        1.7497609667380144E-007
   202.32323232323299        194574.10350064471        1.7497609667380144E-007
   203.03030303030368        194244.60407869969        1.7497609667380144E-007
   203.73737373737441        193920.95712165363        1.7497609667380144E-007
   204.44444444444514        193602.86407918201        1.7497609667380144E-007
   205.15151515151584        193290.04260704454        1.7497609667380144E-007
   205.85858585858657        192982.22568881174        1.7497609667380144E-007
   206.56565656565726        192679.16080506571        1.7497609667380144E-007
   207.27272727272799        192380.60914744745        1.7497609667380144E-007
   207.97979797979872        192086.34487507207        1.7497609667380144E-007
   208.68686868686942        191796.15441101367        1.7497609667380144E-007
   209.39393939394014        191509.83577664994        1.7497609667380144E-007
   210.10101010101084        191227.19796183854        1.7497609667380144E-007
   210.80808080808157        190948.06032896484        1.7497609667380144E-007
   211.51515151515230        190672.25204905629        1.7497609667380144E-007
   212.22222222222300        190399.61156822863        1.7497609667380144E-007
   212.92929292929372        190129.98610284689        1.7497609667380144E-007
   213.63636363636442        189863.23116186302        1.7497609667380144E-007
   214.34343434343515        189599.21009488363        1.7497609667380144E-007
   215.05050505050588        189337.79366459680        1.7497609667380144E-007
   215.75757575757657        189078.85964226135        1.7497609667380144E-007
   216.46464646464730        188822.29242503818        1.7497609667380144E-007
   217.17171717171800        188567.98267399662        1.7497609667380144E-007
   217.87878787878873        188315.82697170388        1.7497609667380144E-007
   218.58585858585946        188065.72749836021        1.7497609667380144E-007
   219.29292929293015        187817.59172548307        1.7497609667380144E-007
   220.00000000000088        187571.33212622564        1.7497609667380144E-007
