   998.89464798719462     
   150.00000000000000        332645.34485837002        1.3636249323195111E-009
   150.70707070707073        325314.27969104447        1.3636249323195111E-009
   151.41414141414145        318420.54566251999        1.3636249323195111E-009
   152.12121212121215        311934.54255021375        1.3636249323195111E-009
   152.82828282828288        305828.90567972290        1.3636249323195111E-009
   153.53535353535358        300078.31881493435        1.3636249323195111E-009
   154.24242424242431        294659.34407908580        1.3636249323195111E-009
   154.94949494949503        289550.26724909514        1.3636249323195111E-009
   155.65656565656573        284730.95693626680        1.3636249323195111E-009
   156.36363636363646        280182.73631877231        1.3636249323195111E-009
   157.07070707070716        275888.26622719900        1.3636249323195111E-009
   157.77777777777789        271831.43850578880        1.3636249323195111E-009
   158.48484848484861        267997.27868039405        1.3636249323195111E-009
   159.19191919191931        264371.85706109460        1.3636249323195111E-009
   159.89898989899004        260942.20749411508        1.3636249323195111E-009
   160.60606060606074        257696.25305529794        1.3636249323195111E-009
   161.31313131313146        254622.73804690910        1.3636249323195111E-009
   162.02020202020219        251711.16572186822        1.3636249323195111E-009
   162.72727272727289        248951.74121539271        1.3636249323195111E-009
   163.43434343434362        246335.31921421064        1.3636249323195111E-009
   164.14141414141432        243853.35593855503        1.3636249323195111E-009
   164.84848484848504        241497.86505264370        1.3636249323195111E-009
   165.55555555555577        239261.37715576508        1.3636249323195111E-009
   166.26262626262647        237136.90253885894        1.3636249323195111E-009
   166.96969696969720        235117.89692098979        1.3636249323195111E-009
   167.67676767676789        233198.22990670032        1.3636249323195111E-009
   168.38383838383862        231372.15592920268        1.3636249323195111E-009
   169.09090909090935        229634.28746599960        1.3636249323195111E-009
   169.79797979798005        227979.57033304832        1.3636249323195111E-009
   170.50505050505078        226403.26088122459        1.3636249323195111E-009
   171.21212121212147        224900.90493478804        1.3636249323195111E-009
   171.91919191919220        223468.31832597149        1.3636249323195111E-009
   172.62626262626293        222101.56889287097        1.3636249323195111E-009
   173.33333333333363        220796.95981963270        1.3636249323195111E-009
   174.04040404040435        219551.01420864477        1.3636249323195111E-009
   174.74747474747505        218360.46078415134        1.3636249323195111E-009
   175.45454545454578        217222.22063551770        1.3636249323195111E-009
   176.16161616161651        216133.39491637089        1.3636249323195111E-009
   176.86868686868721        215091.25342310098        1.3636249323195111E-009
   177.57575757575793        214093.22398280926        1.3636249323195111E-009
   178.28282828282863        213136.88258678577        1.3636249323195111E-009
   178.98989898989936        212219.94421105977        1.3636249323195111E-009
   179.69696969697009        211340.25427052585        1.3636249323195111E-009
   180.40404040404079        210495.78065767852        1.3636249323195111E-009
   181.11111111111151        209684.60632109785        1.3636249323195111E-009
   181.81818181818221        208904.92234258808        1.3636249323195111E-009
   182.52525252525294        208155.02147528998        1.3636249323195111E-009
   183.23232323232367        207433.29210821053        1.3636249323195111E-009
   183.93939393939436        206738.21262545630        1.3636249323195111E-009
   184.64646464646509        206068.34613106426        1.3636249323195111E-009
   185.35353535353579        205422.33551268830        1.3636249323195111E-009
   186.06060606060652        204798.89881957512        1.3636249323195111E-009
   186.76767676767724        204196.82493223817        1.3636249323195111E-009
   187.47474747474794        203614.96950305390        1.3636249323195111E-009
   188.18181818181867        203052.25114865665        1.3636249323195111E-009
   188.88888888888937        202507.64787652594        1.3636249323195111E-009
   189.59595959596010        201980.19372954158        1.3636249323195111E-009
   190.30303030303082        201468.97563355695        1.3636249323195111E-009
   191.01010101010152        200973.13043419120        1.3636249323195111E-009
   191.71717171717225        200491.84211011723        1.3636249323195111E-009
   192.42424242424295        200024.33915108387        1.3636249323195111E-009
   193.13131313131368        199569.89208981447        1.3636249323195111E-009
   193.83838383838440        199127.81117773001        1.3636249323195111E-009
   194.54545454545510        198697.44419520980        1.3636249323195111E-009
   195.25252525252583        198278.17438777443        1.3636249323195111E-009
   195.95959595959653        197869.41852022364        1.3636249323195111E-009
   196.66666666666725        197470.62504132767        1.3636249323195111E-009
   197.37373737373798        197081.27235221158        1.3636249323195111E-009
   198.08080808080868        196700.86717205661        1.3636249323195111E-009
   198.78787878787941        196328.94299519656        1.3636249323195111E-009
   199.49494949495011        195965.05863409457        1.3636249323195111E-009
   200.20202020202083        195608.79684307205        1.3636249323195111E-009
   200.90909090909156        195259.76301800768        1.3636249323195111E-009
   201.61616161616226        194917.58396754917        1.3636249323195111E-009
   202.32323232323299        194581.90675167530        1.3636249323195111E-009
   203.03030303030368        194252.39758372531        1.3636249323195111E-009
   203.73737373737441        193928.74079225629        1.3636249323195111E-009
   204.44444444444514        193610.63783933717        1.3636249323195111E-009
   205.15151515151584        193297.80639208600        1.3636249323195111E-009
   205.85858585858657        192989.97944447561        1.3636249323195111E-009
   206.56565656565726        192686.90448660549        1.3636249323195111E-009
   207.27272727272799        192388.34271881048        1.3636249323195111E-009
   207.97979797979872        192094.06830814425        1.3636249323195111E-009
   208.68686868686942        191803.86768491383        1.3636249323195111E-009
   209.39393939394014        191517.53887708351        1.3636249323195111E-009
   210.10101010101084        191234.89088049467        1.3636249323195111E-009
   210.80808080808157        190955.74306296473        1.3636249323195111E-009
   211.51515151515230        190679.92460043923        1.3636249323195111E-009
   212.22222222222300        190407.27394348060        1.3636249323195111E-009
   212.92929292929372        190137.63831246382        1.3636249323195111E-009
   213.63636363636442        189870.87321994884        1.3636249323195111E-009
   214.34343434343515        189606.84201878039        1.3636249323195111E-009
   215.05050505050588        189345.41547454198        1.3636249323195111E-009
   215.75757575757657        189086.47136107611        1.3636249323195111E-009
   216.46464646464730        188829.89407783764        1.3636249323195111E-009
   217.17171717171800        188575.57428792419        1.3636249323195111E-009
   217.87878787878873        188323.40857568843        1.3636249323195111E-009
   218.58585858585946        188073.29912289017        1.3636249323195111E-009
   219.29292929293015        187825.15340240425        1.3636249323195111E-009
   220.00000000000088        187578.88388855092        1.3636249323195111E-009
