   998.89464798719462     
   150.00000000000000        332645.34485837002        7.9514216719229356E-010
   150.70707070707073        325314.28167191416        7.9514216719229356E-010
   151.41414141414145        318420.54949072044        7.9514216719229356E-010
   152.12121212121215        311934.54809984087        7.9514216719229356E-010
   152.82828282828288        305828.91283225454        7.9514216719229356E-010
   153.53535353535358        300078.32745895174        7.9514216719229356E-010
   154.24242424242431        294659.35410997632        7.9514216719229356E-010
   154.94949494949503        289550.27856874542        7.9514216719229356E-010
   155.65656565656573        284730.96945274994        7.9514216719229356E-010
   156.36363636363646        280182.74994603480        7.9514216719229356E-010
   157.07070707070716        275888.28088475054        7.9514216719229356E-010
   157.77777777777789        271831.45411839726        7.9514216719229356E-010
   158.48484848484861        267997.29517778888        7.9514216719229356E-010
   159.19191919191931        264371.87437767902        7.9514216719229356E-010
   159.89898989899004        260942.22556868853        7.9514216719229356E-010
   160.60606060606074        257696.27183079091        7.9514216719229356E-010
   161.31313131313146        254622.75747012865        7.9514216719229356E-010
   162.02020202020219        251711.18574325595        7.9514216719229356E-010
   162.72727272727289        248951.76178879436        7.9514216719229356E-010
   163.43434343434362        246335.34029665875        7.9514216719229356E-010
   164.14141414141432        243853.37749006235        7.9514216719229356E-010
   164.84848484848504        241497.88703600911        7.9514216719229356E-010
   165.55555555555577        239261.39953638974        7.9514216719229356E-010
   166.26262626262647        237136.92528457387        7.9514216719229356E-010
   166.96969696969720        235117.92000189383        7.9514216719229356E-010
   167.67676767676789        233198.25329500763        7.9514216719229356E-010
   168.38383838383862        231372.17959910061        7.9514216719229356E-010
   169.09090909090935        229634.31139351410        7.9514216719229356E-010
   169.79797979798005        227979.59449591924        7.9514216719229356E-010
   170.50505050505078        226403.28525878830        7.9514216719229356E-010
   171.21212121212147        224900.92950786764        7.9514216719229356E-010
   171.91919191919220        223468.34307677485        7.9514216719229356E-010
   172.62626262626293        222101.59380489477        7.9514216719229356E-010
   173.33333333333363        220796.98487757353        7.9514216719229356E-010
   174.04040404040435        219551.03939831525        7.9514216719229356E-010
   174.74747474747505        218360.48609240275        7.9514216719229356E-010
   175.45454545454578        217222.24605016751        7.9514216719229356E-010
   176.16161616161651        216133.42042613495        7.9514216719229356E-010
   176.86868686868721        215091.27901753091        7.9514216719229356E-010
   177.57575757575793        214093.24965223315        7.9514216719229356E-010
   178.28282828282863        213136.90832225420        7.9514216719229356E-010
   178.98989898989936        212219.97000429401        7.9514216719229356E-010
   179.69696969697009        211340.28011387121        7.9514216719229356E-010
   180.40404040404079        210495.80654405954        7.9514216719229356E-010
   181.11111111111151        209684.63224397748        7.9514216719229356E-010
   181.81818181818221        208904.94829592924        7.9514216719229356E-010
   182.52525252525294        208155.04745352032        7.9514216719229356E-010
   183.23232323232367        207433.31810618844        7.9514216719229356E-010
   183.93939393939436        206738.23863844073        7.9514216719229356E-010
   184.64646464646509        206068.37215468541        7.9514216719229356E-010
   185.35353535353579        205422.36154292140        7.9514216719229356E-010
   186.06060606060652        204798.92485271540        7.9514216719229356E-010
   186.76767676767724        204196.85096487741        7.9514216719229356E-010
   187.47474747474794        203614.99553205931        7.9514216719229356E-010
   188.18181818181867        203052.27717115049        7.9514216719229356E-010
   188.88888888888937        202507.67388986738        7.9514216719229356E-010
   189.59595959596010        201980.21973130869        7.9514216719229356E-010
   190.30303030303082        201469.00162153097        7.9514216719229356E-010
   191.01010101010152        200973.15640634159        7.9514216719229356E-010
   191.71717171717225        200491.86806458773        7.9514216719229356E-010
   192.42424242424295        200024.36508617993        7.9514216719229356E-010
   193.13131313131368        199569.91800399020        7.9514216719229356E-010
   193.83838383838440        199127.83706957821        7.9514216719229356E-010
   194.54545454545510        198697.47006345043        7.9514216719229356E-010
   195.25252525252583        198278.20023124607        7.9514216719229356E-010
   195.95959595959653        197869.44433787378        7.9514216719229356E-010
   196.66666666666725        197470.65083220473        7.9514216719229356E-010
   197.37373737373798        197081.29811545654        7.9514216719229356E-010
   198.08080808080868        196700.89290689671        7.9514216719229356E-010
   198.78787878787941        196328.96870093793        7.9514216719229356E-010
   199.49494949495011        195965.08431011700        7.9514216719229356E-010
   200.20202020202083        195608.82248882228        7.9514216719229356E-010
   200.90909090909156        195259.78863299405        7.9514216719229356E-010
   201.61616161616226        194917.60955133749        7.9514216719229356E-010
   202.32323232323299        194581.93230388372        7.9514216719229356E-010
   203.03030303030368        194252.42310401975        7.9514216719229356E-010
   203.73737373737441        193928.76628034716        7.9514216719229356E-010
   204.44444444444514        193610.66329497565        7.9514216719229356E-010
   205.15151515151584        193297.83181506026        7.9514216719229356E-010
   205.85858585858657        192990.00483460829        7.9514216719229356E-010
   206.56565656565726        192686.92984375040        7.9514216719229356E-010
   207.27272727272799        192388.36804284927        7.9514216719229356E-010
   207.97979797979872        192094.09359898473        7.9514216719229356E-010
   208.68686868686942        191803.89294248758        7.9514216719229356E-010
   209.39393939394014        191517.56410134342        7.9514216719229356E-010
   210.10101010101084        191234.91607141393        7.9514216719229356E-010
   210.80808080808157        190955.76822053376        7.9514216719229356E-010
   211.51515151515230        190679.94972466462        7.9514216719229356E-010
   212.22222222222300        190407.29903438335        7.9514216719229356E-010
   212.92929292929372        190137.66337007860        7.9514216719229356E-010
   213.63636363636442        189870.89824432196        7.9514216719229356E-010
   214.34343434343515        189606.86700996847        7.9514216719229356E-010
   215.05050505050588        189345.44043261147        7.9514216719229356E-010
   215.75757575757657        189086.49628610210        7.9514216719229356E-010
   216.46464646464730        188829.91896990206        7.9514216719229356E-010
   217.17171717171800        188575.59914711560        7.9514216719229356E-010
   217.87878787878873        188323.43340210192        7.9514216719229356E-010
   218.58585858585946        188073.32391662578        7.9514216719229356E-010
   219.29292929293015        187825.17816356642        7.9514216719229356E-010
   220.00000000000088        187578.90861724713        7.9514216719229356E-010
