   998.89464798719462     
   150.00000000000000        332645.34485837002        6.3194531306012337E-004
   150.70707070707073        323324.13742846425        6.3194531306012337E-004
   151.41414141414145        314574.42519434006        6.3194531306012337E-004
   152.12121212121215        306358.93733165262        6.3194531306012337E-004
   152.82828282828288        298642.89256459917        6.3194531306012337E-004
   153.53535353535358        291393.83832831233        6.3194531306012337E-004
   154.24242424242431        284581.49842850177        6.3194531306012337E-004
   154.94949494949503        278177.62912565994        6.3194531306012337E-004
   155.65656565656573        272155.88349167793        6.3194531306012337E-004
   156.36363636363646        266491.68382444629        6.3194531306012337E-004
   157.07070707070716        261162.10185852778        6.3194531306012337E-004
   157.77777777777789        256145.74647507112        6.3194531306012337E-004
   158.48484848484861        251422.65858978033        6.3194531306012337E-004
   159.19191919191931        246974.21288217723        6.3194531306012337E-004
   159.89898989899004        242783.02602102302        6.3194531306012337E-004
   160.60606060606074        238832.87103824655        6.3194531306012337E-004
   161.31313131313146        235108.59750588378        6.3194531306012337E-004
   162.02020202020219        231596.05717637192        6.3194531306012337E-004
   162.72727272727289        228282.03475522029        6.3194531306012337E-004
   163.43434343434362        225154.18348589330        6.3194531306012337E-004
   164.14141414141432        222200.96523909847        6.3194531306012337E-004
   164.84848484848504        219411.59481209930        6.3194531306012337E-004
   165.55555555555577        216775.98815776076        6.3194531306012337E-004
   166.26262626262647        214284.71427748294        6.3194531306012337E-004
   166.96969696969720        211928.95052670961        6.3194531306012337E-004
   167.67676767676789        209700.44109613405        6.3194531306012337E-004
   168.38383838383862        207591.45844588729        6.3194531306012337E-004
   169.09090909090935        205594.76748377530        6.3194531306012337E-004
   169.79797979798005        203703.59229195100        6.3194531306012337E-004
   170.50505050505078        201911.58521917544        6.3194531306012337E-004
   171.21212121212147        200212.79816803540        6.3194531306012337E-004
   171.91919191919220        198601.65591807564        6.3194531306012337E-004
   172.62626262626293        197072.93133679705        6.3194531306012337E-004
   173.33333333333363        195621.72234083989        6.3194531306012337E-004
   174.04040404040435        194243.43047943286        6.3194531306012337E-004
   174.74747474747505        192933.74102135541        6.3194531306012337E-004
   175.45454545454578        191688.60443524667        6.3194531306012337E-004
   176.16161616161651        190504.21916112359        6.3194531306012337E-004
   176.86868686868721        189377.01557846711        6.3194531306012337E-004
   177.57575757575793        188303.64108321743        6.3194531306012337E-004
   178.28282828282863        187280.94619253062        6.3194531306012337E-004
   178.98989898989936        186305.97160218336        6.3194531306012337E-004
   179.69696969697009        185375.93612713879        6.3194531306012337E-004
   180.40404040404079        184488.22546099109        6.3194531306012337E-004
   181.11111111111151        183640.38169483942        6.3194531306012337E-004
   181.81818181818221        182830.09354061665        6.3194531306012337E-004
   182.52525252525294        182055.18720804469        6.3194531306012337E-004
   183.23232323232367        181313.61788821939        6.3194531306012337E-004
   183.93939393939436        180603.46180037785        6.3194531306012337E-004
   184.64646464646509        179922.90876167585        6.3194531306012337E-004
   185.35353535353579        179270.25524283521        6.3194531306012337E-004
   186.06060606060652        178643.89787531938        6.3194531306012337E-004
   186.76767676767724        178042.32737827528        6.3194531306012337E-004
   187.47474747474794        177464.12287587122        6.3194531306012337E-004
   188.18181818181867        176907.94657785786        6.3194531306012337E-004
   188.88888888888937        176372.53879821347        6.3194531306012337E-004
   189.59595959596010        175856.71328860786        6.3194531306012337E-004
   190.30303030303082        175359.35286515238        6.3194531306012337E-004
   191.01010101010152        174879.40530849140        6.3194531306012337E-004
   191.71717171717225        174415.87951877475        6.3194531306012337E-004
   192.42424242424295        173967.84190839255        6.3194531306012337E-004
   193.13131313131368        173534.41301662143        6.3194531306012337E-004
   193.83838383838440        173114.76433147278        6.3194531306012337E-004
   194.54545454545510        172708.11530511029        6.3194531306012337E-004
   195.25252525252583        172313.73055017961        6.3194531306012337E-004
   195.95959595959653        171930.91720529960        6.3194531306012337E-004
   196.66666666666725        171559.02245881013        6.3194531306012337E-004
   197.37373737373798        171197.43122063336        6.3194531306012337E-004
   198.08080808080868        170845.56393282278        6.3194531306012337E-004
   198.78787878787941        170502.87451003684        6.3194531306012337E-004
   199.49494949495011        170168.84840177407        6.3194531306012337E-004
   200.20202020202083        169843.00076877532        6.3194531306012337E-004
   200.90909090909156        169524.87476651641        6.3194531306012337E-004
   201.61616161616226        169214.03992919010        6.3194531306012337E-004
   202.32323232323299        168910.09064802778        6.3194531306012337E-004
   203.03030303030368        168612.64473821863        6.3194531306012337E-004
   203.73737373737441        168321.34208906110        6.3194531306012337E-004
   204.44444444444514        168035.84339234099        6.3194531306012337E-004
   205.15151515151584        167755.82894425129        6.3194531306012337E-004
   205.85858585858657        167480.99751647582        6.3194531306012337E-004
   206.56565656565726        167211.06529233523        6.3194531306012337E-004
   207.27272727272799        166945.76486415762        6.3194531306012337E-004
   207.97979797979872        166684.84428827901        6.3194531306012337E-004
   208.68686868686942        166428.06619430339        6.3194531306012337E-004
   209.39393939394014        166175.20694545604        6.3194531306012337E-004
   210.10101010101084        165926.05584707047        6.3194531306012337E-004
   210.80808080808157        165680.41440041718        6.3194531306012337E-004
   211.51515151515230        165438.09559926219        6.3194531306012337E-004
   212.22222222222300        165198.92326669660        6.3194531306012337E-004
   212.92929292929372        164962.73142992580        6.3194531306012337E-004
   213.63636363636442        164729.36373084274        6.3194531306012337E-004
   214.34343434343515        164498.67287034355        6.3194531306012337E-004
   215.05050505050588        164270.52008445899        6.3194531306012337E-004
   215.75757575757657        164044.77465049003        6.3194531306012337E-004
   216.46464646464730        163821.31342143888        6.3194531306012337E-004
   217.17171717171800        163600.02038712971        6.3194531306012337E-004
   217.87878787878873        163380.78626050180        6.3194531306012337E-004
   218.58585858585946        163163.50808764805        6.3194531306012337E-004
   219.29292929293015        162948.08888024953        6.3194531306012337E-004
   220.00000000000088        162734.43726913707        6.3194531306012337E-004
