   197.53942539242360     
   150.00000000000000        332645.34485837002        332645.34485837002        181.67156542394306     
   150.70707070707073        329772.99814980081        331724.97152520489        181.95324937540099     
   151.41414141414145        327074.31576382351        330831.54478586005        182.21828258949935     
   152.12121212121215        324536.19627177843        329963.35563761822        182.46765535251012     
   152.82828282828288        322146.61476428417        329118.81492189720        182.70229869671837     
   153.53535353535358        319894.52440812124        328296.44404843263        182.92308796721679     
   154.24242424242431        317769.76819508645        327494.86653528764        183.13084617271861     
   154.94949494949503        315762.99968728860        326712.80028201325        183.32634713354409     
   155.65656565656573        313865.61172023194        325949.05050285865        183.51031843913069     
   156.36363636363646        312069.67215926369        325202.50325526483        183.68344422665967     
   157.07070707070716        310367.86592008598        324472.11950614268        183.84636779168309     
   157.77777777777789        308753.44256301282        323756.92968479032        183.99969404096822     
   158.48484848484861        307220.16885594104        323056.02867686702        184.14399179715218     
   159.19191919191931        305762.28577466571        322368.57121872687        184.27979596421233     
   159.89898989899004        304374.46947292285        321693.76765570673        184.40760956220811     
   160.60606060606074        303051.79580984317        321030.88003174990        184.52790563923261     
   161.31313131313146        301789.70807056152        320379.21848108462        184.64112906802782     
   162.02020202020219        300583.98755758634        319738.13789563230        184.74769823426240     
   162.72727272727289        299430.72676706518        319107.03484443674        184.84800662304301     
   163.43434343434362        298326.30489601672        318485.34472372953        184.94242430983022     
   164.14141414141432        297267.36545458325        317872.53911831236        185.03129936155290     
   164.84848484848504        296250.79578190949        317268.12335677596        185.11495915336201     
   165.55555555555577        295273.70828584232        316671.63424471853        185.19371160613352     
   166.26262626262647        294333.42324566597        316082.63796159136        185.26784634951798     
   166.96969696969720        293427.45303386089        315500.72810811363        185.33763581504331     
   167.67676767676789        292553.48762770882        314925.52389237547        185.40333626350161     
   168.38383838383862        291709.38129469129        314356.66844380309        185.46518875059508     
   169.09090909090935        290893.14034727588        313793.82724511373        185.52342003457233     
   169.79797979798005        290102.91187302669        313236.68667323992        185.57824342936149     
   170.50505050505078        289336.97335517046        312684.95264097798        185.62985960649169     
   171.21212121212147        288593.72310695658        312138.34933180996        185.67845734889573     
   171.91919191919220        287871.67145045870        311596.61802098103        185.72421425949813     
   172.62626262626293        287169.43257700739        311059.51597648364        185.76729742731666     
   173.33333333333363        286485.71703229559        310526.81543411867        185.80786405364034     
   174.04040404040435        285819.32477444434        309998.30264127365        185.84606204069041     
   174.74747474747505        285169.13875802426        309473.77696448588        185.88203054502574     
   175.45454545454578        284534.11900126300        308953.05005624739        185.91590049781664     
   176.16161616161651        283913.29709747585        308435.94507686328        185.94779509398242     
   176.86868686868721        283305.77113519190        307922.29596749967        185.97783025206709     
   177.57575757575793        282710.70099454554        307411.94677085179        186.00611504661407     
   178.28282828282863        282127.30399030301        306904.75099613488        186.03275211469438     
   178.98989898989936        281554.85083442612        306400.57102534681        186.05783803814259     
   179.69696969697009        280992.66189336934        305899.27755797980        186.08146370296052     
   180.40404040404079        280440.10371738556        305400.74909156567        186.10371463726077     
   181.11111111111151        279896.58582100668        304904.87143563060        186.12467132903933     
   181.81818181818221        279361.55769557640        304411.53725681297        186.14440952498785     
   182.52525252525294        278834.50603628100        303920.64565305650        186.16300051148409     
   183.23232323232367        278314.95216753916        303432.10175494297        186.18051137882955     
   183.93939393939436        277802.44965191121        302945.81635236461        186.19700526973907     
   184.64646464646509        277296.58206887171        302461.70554486330        186.21254161302650     
   185.35353535353579        276796.96095086855        301979.69041408086        186.22717634337391     
   186.06060606060652        276303.22386507981        301499.69671687257        186.24096210801764     
   186.76767676767724        275815.03263018315        301021.65459773724        186.25394846113474     
   187.47474747474794        275332.07165828196        300545.49831930693        186.26618204666656     
   188.18181818181867        274854.04641288763        300071.16600972856        186.27770677027081     
   188.88888888888937        274380.68197455839        299598.59942584665        186.28856396105266     
   189.59595959596010        273911.72170642851        299127.74373117066        186.29879252368605     
   190.30303030303082        273446.92601245298        298658.54728767881        186.30842908149961     
   191.01010101010152        272986.07118172885        298190.96146057377        186.31750811106710     
   191.71717171717225        272528.94831275404        297724.94043516432        186.32606206880953     
   192.42424242424295        272075.36231193726        297260.44104510173        186.33412151008633     
   193.13131313131368        271625.13096109789        296797.42261125054        186.34171520122337     
   193.83838383838440        271178.08404907893        296335.84679052071        186.34887022489968     
   194.54545454545510        270734.06256295444        295875.67743403238        186.35561207928870     
   195.25252525252583        270292.91793464590        295416.88045402546        186.36196477132617     
   195.95959595959653        269854.51133906079        294959.42369896389        186.36795090445528     
   196.66666666666725        269418.71304015367        294503.27683632064        186.37359176117755     
   197.37373737373798        268985.40178156644        294048.41124256275        186.37890738071883     
   198.08080808080868        268554.46421874571        293594.79989988625        186.38391663210146     
   198.78787878787941        268125.79438965861        293142.41729927954        186.38863728289570     
   199.49494949495011        267699.29322143161        292691.23934952164        186.39308606390748     
   200.20202020202083        267274.86807042931        292241.24329174566        186.39727873004426     
   200.90909090909156        266852.43229346653        291792.40761922253        186.40123011758584     
   201.61616161616226        266431.90484800731        291344.71200204099        186.40495419807402     
   202.32323232323299        266013.20991936058        290898.13721638051        186.40846412902187     
   203.03030303030368        265596.27657301759        290452.66507809394        186.41177230163129     
   203.73737373737441        265181.03843041003        290008.27838033304        186.41489038569645     
   204.44444444444514        264767.43336648529        289564.96083496808        186.41782937186031     
   205.15151515151584        264355.40322760976        289122.69701756735        186.42059961138085     
   205.85858585858657        263944.89356841409        288681.47231571836        186.42321085355479     
   206.56565656565726        263535.85340628994        288241.27288048429        186.42567228093768     
   207.27272727272799        263128.23499233666        287802.08558080450        186.42799254249076     
   207.97979797979872        262721.99359764351        287363.89796065731        186.43017978477755     
   208.68686868686942        262317.08731386438        286926.69819881680        186.43224168132539     
   209.39393939394014        261913.47686711908        286490.47507104464        186.43418546026055     
   210.10101010101084        261511.12544431753        286055.21791456739        186.43601793031934     
   210.80808080808157        261109.99853106850        285620.91659470089        186.43774550533078     
   211.51515151515230        260710.06376039176        285187.56147348962        186.43937422726137     
   212.22222222222300        260311.29077150216        284755.14338023844        186.44090978790717     
   212.92929292929372        259913.65107799045        284323.65358382202        186.44235754931256     
   213.63636363636442        259517.11794476648        283893.08376666275        186.44372256299127     
   214.34343434343515        259121.66627317702        283463.42600027617        186.44500958802033     
   215.05050505050588        258727.27249374820        283034.67272228881        186.44622310807307     
   215.75757575757657        258333.91446604158        282606.81671483850        186.44736734745430     
   216.46464646464730        257941.57138514734        282179.85108427337        186.44844628619603     
   217.17171717171800        257550.22369436891        281753.76924207120        186.44946367426920     
   217.87878787878873        257159.85300368664        281328.56488690450        186.45042304496377     
   218.58585858585946        256770.44201361254        280904.23198778223        186.45132772748568     
   219.29292929293015        256381.97444407607        280480.76476820296        186.45218085881720     
   220.00000000000088        255994.43496800694        280058.15769125841        186.45298539488377     
