   543.04658684809101     
   150.00000000000000        332645.34485837002        332645.34485837002        206.20001156940657     
   150.70707070707073        327446.33743108308        331587.67030356464        206.68566386939156     
   151.41414141414145        322563.97505900887        330563.44124485762        207.14852852115308     
   152.12121212121215        317975.89911627059        329570.82597052684        207.58968317768137     
   152.82828282828288        313661.51582124783        328608.10682637774        208.01015413240697     
   153.53535353535358        309601.83797179768        327673.67201907490        208.41091878572419     
   154.24242424242431        305779.34284850094        326766.00811026676        208.79290799216224     
   154.94949494949503        302177.84442383808        325883.69313381059        209.15700829402275     
   155.65656565656573        298782.37825332070        325025.39027594862        209.50406404701653     
   156.36363636363646        295579.09762936522        324189.84206489555        209.83487944316082     
   157.07070707070716        292555.17975517939        323375.86502209620        210.15022043593953     
   157.77777777777789        289698.74084836070        322582.34473251080        210.45081657248497     
   158.48484848484861        286998.75921584287        321808.23129577783        210.73736273730444     
   159.19191919191931        284445.00545625167        321052.53512406710        211.01052081185472     
   159.89898989899004        282027.97904517158        320314.32305593952        211.27092125405591     
   160.60606060606074        279738.85064540646        319592.71475863340        211.51916460163591     
   161.31313131313146        277569.40955984802        318886.87939394749        211.75582290300628     
   162.02020202020219        275512.01581056771        318196.03252533678        211.98144107918901     
   162.72727272727289        273559.55638554035        317519.43324601208        212.19653822014152     
   163.43434343434362        271705.40524508234        316856.38150977169        212.40160881866387     
   164.14141414141432        269943.38672461378        316206.21564802510        212.59712394491558     
   164.84848484848504        268267.74200952530        315568.31005801365        212.78353236442277     
   165.55555555555577        266673.09839246352        314942.07304861746        212.96126160231441     
   166.26262626262647        265154.44105382479        314326.94483137800        213.13071895639365     
   166.96969696969720        263707.08713319828        313722.39564547985        213.29229246152215     
   167.67676767676789        262326.66188335745        313127.92400643474        213.44635180767514     
   168.38383838383862        261009.07671955638        312543.05506911199        213.59324921390970     
   169.09090909090935        259750.50899568092        311967.33909657079        213.73332026037886     
   169.79797979798005        258547.38335550687        311400.35002688138        213.86688468042132     
   170.50505050505078        257396.35452220216        310841.68413078407        213.99424711465633     
   171.21212121212147        256294.29140247524        310290.95875363273        214.11569782892042     
   171.91919191919220        255238.26239361870        309747.81113561022        214.23151339779275     
   172.62626262626293        254225.52179229038        309211.89730469586        214.34195735537057     
   173.33333333333363        253253.49721335532        308682.89103730873        214.44728081487611     
   174.04040404040435        252319.77793561289        308160.48288195679        214.54772305859876     
   174.74747474747505        251422.10409885779        307644.37924158911        214.64351209960364     
   175.45454545454578        250558.35668357939        307134.30151068460        214.73486521656764     
   176.16161616161651        249726.54821076911        306629.98526341625        214.82198946303873     
   176.86868686868721        248924.81410485780        306131.17948950821        214.90508215235033     
   177.57575757575793        248151.40466781068        305637.64587465854        214.98433131936380     
   178.28282828282863        247404.67761693022        305149.15812263387        215.05991616015436     
   178.98989898989936        246683.09114299802        304665.50131635455        215.13200745070208     
   179.69696969697009        245985.19744908580        304186.47131548496        215.20076794559816     
   180.40404040404079        245309.63673370777        303711.87418822321        215.26635275772736     
   181.11111111111151        244655.13158502395        303241.52567514882        215.32890971984128     
   181.81818181818221        244020.48175555680        302775.25068313768        215.38857972889269     
   182.52525252525294        243404.55928938324        302312.88280749432        215.44549707395910     
   183.23232323232367        242806.30397604057        301854.26388057758        215.49978974854358     
   183.93939393939436        242224.71910745517        301399.24354531575        215.55157974800258     
   184.64646464646509        241658.86751608877        300947.67885211471        215.60098335281472     
   185.35353535353579        241107.86787421827        300499.43387776439        215.64811139836934     
   186.06060606060652        240570.89123583530        300054.37936504011        215.69306953192154     
   186.76767676767724        240047.15780408803        299612.39238178317        215.73595845732854     
   187.47474747474794        239535.93390849794        299173.35599832324        215.77687416815263     
   188.18181818181867        239036.52917738800        298737.15898217878        215.81590816968847     
   188.88888888888937        238548.29389205790        298303.69550904061        215.85314769044422     
   189.59595959596010        238070.61651025029        297872.86488910677        215.88867588358181     
   190.30303030303082        237602.92134737974        297444.57130789501        215.92257201879656     
   191.01010101010152        237144.66640484525        297018.72358071536        215.95491166509285     
   191.71717171717225        236695.34133552841        296595.23492003366        215.98576686489207     
   192.42424242424295        236254.46553729966        296174.02271500701        216.01520629988585     
   193.13131313131368        235821.58636601453        295755.00832251337        216.04329544902987     
   193.83838383838440        235396.27746009416        295338.11686904076        216.07009673905284     
   194.54545454545510        234978.13716934380        294923.27706283808        216.09566968783847     
   195.25252525252583        234566.78708118238        294510.42101576645        216.12007104101988     
   195.95959595959653        234161.87063793620        294099.48407432216        216.14335490211079     
   196.66666666666725        233763.05183928923        293690.40465933469        216.16557285648119     
   197.37373737373798        233370.01402439334        293283.12411387102        216.18677408947116     
   198.08080808080868        232982.45872851886        292877.58655890537        216.20700549892192     
   198.78787878787941        232600.10460947605        292473.73875633947        216.22631180239006     
   199.49494949495011        232222.68643936183        292071.52997898083        216.24473563929803     
   200.20202020202083        231849.95415748720        291670.91188711004        216.26231766826197     
   200.90909090909156        231481.67198061736        291271.83841128892        216.27909665982619     
   201.61616161616226        231117.61756691698        290874.26564108051        216.29510958482263     
   202.32323232323299        230757.58123023223        290478.15171937010        216.31039169856365     
   203.03030303030368        230401.36520156253        290083.45674199547        216.32497662106564     
   203.73737373737441        230048.78293478349        289690.14266240806        216.33889641349236     
   204.44444444444514        229699.65845387470        289298.17320110474        216.35218165099721     
   205.15151515151584        229353.82573908291        288907.51375958219        216.36486149213584     
   205.85858585858657        229011.12814962183        288518.13133858080        216.37696374501110     
   206.56565656565726        228671.41788065981        288129.99446039688        216.38851493030586     
   207.27272727272799        228334.55545249462        287743.07309505390        216.39954034135127     
   207.97979797979872        228000.40922994778        287357.33859013574        216.41006410137044     
   208.68686868686942        227668.85497013666        286972.76360409404        216.42010921803197     
   209.39393939394014        227339.77539689760        286589.32204285346        216.42969763544022     
   210.10101010101084        227013.05980024737        286206.98899954587        216.43885028368425     
   210.80808080808157        226688.60365936495        285825.74069721630        216.44758712606009     
   211.51515151515230        226366.30828767762        285445.55443434900        216.45592720407737     
   212.22222222222300        226046.08049871912        285066.40853307146        216.46388868035447     
   212.92929292929372        225727.83229151345        284688.28228990192        216.47148887950200     
   213.63636363636442        225411.48055431407        284311.15592891187        216.47874432709008     
   214.34343434343515        225096.94678560147        283935.01055718242        216.48567078678940     
   215.05050505050588        224784.15683130961        283559.82812243979        216.49228329577281     
   215.75757575757657        224473.04063731380        283185.59137276071        216.49859619845913     
   216.46464646464730        224163.53201627466        282812.28381824470        216.50462317867746     
   217.17171717171800        223855.56842798632        282439.88969455473        216.51037729032686     
   217.87878787878873        223549.09077242913        282068.39392823359        216.51587098660173     
   218.58585858585946        223244.04319477655        281697.78210370778        216.52111614785102     
   219.29292929293015        222940.37290165102        281328.04043189512        216.52612410813532     
   220.00000000000088        222638.02998796638        280959.15572033671        216.53090568054324     
